03720010000
03720010001
03720010002
03720010003
03720010004
03720010005
03720010006
03720010007
03720010008
03720010009
03720010010
03720010011
03720010012
03720010013
03720010014
03720010015
03720010016
03720010017
03720010018
03720010019
03720010020
03720010021
03720010022
03720010023
03720010024
03720010025
03720010026
03720010027
03720010028
03720010029
03720010030
03720010031
03720010032
03720010033
03720010034
03720010035
03720010036
03720010037
03720010038
03720010039
03720010040
03720010041
03720010042
03720010043
03720010044
03720010045
03720010046
03720010047
03720010048
03720010049
03720010050
03720010051
03720010052
03720010053
03720010054
03720010055
03720010056
03720010057
03720010058
03720010059
03720010060
03720010061
03720010062
03720010063
03720010064
03720010065
03720010066
03720010067
03720010068
03720010069
03720010070
03720010071
03720010072
03720010073
03720010074
03720010075
03720010076
03720010077
03720010078
03720010079
03720010080
03720010081
03720010082
03720010083
03720010084
03720010085
03720010086
03720010087
03720010088
03720010089
03720010090
03720010091
03720010092
03720010093
03720010094
03720010095
03720010096
03720010097
03720010098
03720010099
03720010100
03720010101
03720010102
03720010103
03720010104
03720010105
03720010106
03720010107
03720010108
03720010109
03720010110
03720010111
03720010112
03720010113
03720010114
03720010115
03720010116
03720010117
03720010118
03720010119
03720010120
03720010121
03720010122
03720010123
03720010124
03720010125
03720010126
03720010127
03720010128
03720010129
03720010130
03720010131
03720010132
03720010133
03720010134
03720010135
03720010136
03720010137
03720010138
03720010139
03720010140
03720010141
03720010142
03720010143
03720010144
03720010145
03720010146
03720010147
03720010148
03720010149
03720010150
03720010151
03720010152
03720010153
03720010154
03720010155
03720010156
03720010157
03720010158
03720010159
03720010160
03720010161
03720010162
03720010163
03720010164
03720010165
03720010166
03720010167
03720010168
03720010169
03720010170
03720010171
03720010172
03720010173
03720010174
03720010175
03720010176
03720010177
03720010178
03720010179
03720010180
03720010181
03720010182
03720010183
03720010184
03720010185
03720010186
03720010187
03720010188
03720010189
03720010190
03720010191
03720010192
03720010193
03720010194
03720010195
03720010196
03720010197
03720010198
03720010199
03720010200
03720010201
03720010202
03720010203
03720010204
03720010205
03720010206
03720010207
03720010208
03720010209
03720010210
03720010211
03720010212
03720010213
03720010214
03720010215
03720010216
03720010217
03720010218
03720010219
03720010220
03720010221
03720010222
03720010223
03720010224
03720010225
03720010226
03720010227
03720010228
03720010229
03720010230
03720010231
03720010232
03720010233
03720010234
03720010235
03720010236
03720010237
03720010238
03720010239
03720010240
03720010241
03720010242
03720010243
03720010244
03720010245
03720010246
03720010247
03720010248
03720010249
03720010250
03720010251
03720010252
03720010253
03720010254
03720010255
03720010256
03720010257
03720010258
03720010259
03720010260
03720010261
03720010262
03720010263
03720010264
03720010265
03720010266
03720010267
03720010268
03720010269
03720010270
03720010271
03720010272
03720010273
03720010274
03720010275
03720010276
03720010277
03720010278
03720010279
03720010280
03720010281
03720010282
03720010283
03720010284
03720010285
03720010286
03720010287
03720010288
03720010289
03720010290
03720010291
03720010292
03720010293
03720010294
03720010295
03720010296
03720010297
03720010298
03720010299
03720010300
03720010301
03720010302
03720010303
03720010304
03720010305
03720010306
03720010307
03720010308
03720010309
03720010310
03720010311
03720010312
03720010313
03720010314
03720010315
03720010316
03720010317
03720010318
03720010319
03720010320
03720010321
03720010322
03720010323
03720010324
03720010325
03720010326
03720010327
03720010328
03720010329
03720010330
03720010331
03720010332
03720010333
03720010334
03720010335
03720010336
03720010337
03720010338
03720010339
03720010340
03720010341
03720010342
03720010343
03720010344
03720010345
03720010346
03720010347
03720010348
03720010349
03720010350
03720010351
03720010352
03720010353
03720010354
03720010355
03720010356
03720010357
03720010358
03720010359
03720010360
03720010361
03720010362
03720010363
03720010364
03720010365
03720010366
03720010367
03720010368
03720010369
03720010370
03720010371
03720010372
03720010373
03720010374
03720010375
03720010376
03720010377
03720010378
03720010379
03720010380
03720010381
03720010382
03720010383
03720010384
03720010385
03720010386
03720010387
03720010388
03720010389
03720010390
03720010391
03720010392
03720010393
03720010394
03720010395
03720010396
03720010397
03720010398
03720010399
03720010400
03720010401
03720010402
03720010403
03720010404
03720010405
03720010406
03720010407
03720010408
03720010409
03720010410
03720010411
03720010412
03720010413
03720010414
03720010415
03720010416
03720010417
03720010418
03720010419
03720010420
03720010421
03720010422
03720010423
03720010424
03720010425
03720010426
03720010427
03720010428
03720010429
03720010430
03720010431
03720010432
03720010433
03720010434
03720010435
03720010436
03720010437
03720010438
03720010439
03720010440
03720010441
03720010442
03720010443
03720010444
03720010445
03720010446
03720010447
03720010448
03720010449
03720010450
03720010451
03720010452
03720010453
03720010454
03720010455
03720010456
03720010457
03720010458
03720010459
03720010460
03720010461
03720010462
03720010463
03720010464
03720010465
03720010466
03720010467
03720010468
03720010469
03720010470
03720010471
03720010472
03720010473
03720010474
03720010475
03720010476
03720010477
03720010478
03720010479
03720010480
03720010481
03720010482
03720010483
03720010484
03720010485
03720010486
03720010487
03720010488
03720010489
03720010490
03720010491
03720010492
03720010493
03720010494
03720010495
03720010496
03720010497
03720010498
03720010499
03720010500
03720010501
03720010502
03720010503
03720010504
03720010505
03720010506
03720010507
03720010508
03720010509
03720010510
03720010511
03720010512
03720010513
03720010514
03720010515
03720010516
03720010517
03720010518
03720010519
03720010520
03720010521
03720010522
03720010523
03720010524
03720010525
03720010526
03720010527
03720010528
03720010529
03720010530
03720010531
03720010532
03720010533
03720010534
03720010535
03720010536
03720010537
03720010538
03720010539
03720010540
03720010541
03720010542
03720010543
03720010544
03720010545
03720010546
03720010547
03720010548
03720010549
03720010550
03720010551
03720010552
03720010553
03720010554
03720010555
03720010556
03720010557
03720010558
03720010559
03720010560
03720010561
03720010562
03720010563
03720010564
03720010565
03720010566
03720010567
03720010568
03720010569
03720010570
03720010571
03720010572
03720010573
03720010574
03720010575
03720010576
03720010577
03720010578
03720010579
03720010580
03720010581
03720010582
03720010583
03720010584
03720010585
03720010586
03720010587
03720010588
03720010589
03720010590
03720010591
03720010592
03720010593
03720010594
03720010595
03720010596
03720010597
03720010598
03720010599
03720010600
03720010601
03720010602
03720010603
03720010604
03720010605
03720010606
03720010607
03720010608
03720010609
03720010610
03720010611
03720010612
03720010613
03720010614
03720010615
03720010616
03720010617
03720010618
03720010619
03720010620
03720010621
03720010622
03720010623
03720010624
03720010625
03720010626
03720010627
03720010628
03720010629
03720010630
03720010631
03720010632
03720010633
03720010634
03720010635
03720010636
03720010637
03720010638
03720010639
03720010640
03720010641
03720010642
03720010643
03720010644
03720010645
03720010646
03720010647
03720010648
03720010649
03720010650
03720010651
03720010652
03720010653
03720010654
03720010655
03720010656
03720010657
03720010658
03720010659
03720010660
03720010661
03720010662
03720010663
03720010664
03720010665
03720010666
03720010667
03720010668
03720010669
03720010670
03720010671
03720010672
03720010673
03720010674
03720010675
03720010676
03720010677
03720010678
03720010679
03720010680
03720010681
03720010682
03720010683
03720010684
03720010685
03720010686
03720010687
03720010688
03720010689
03720010690
03720010691
03720010692
03720010693
03720010694
03720010695
03720010696
03720010697
03720010698
03720010699
03720010700
03720010701
03720010702
03720010703
03720010704
03720010705
03720010706
03720010707
03720010708
03720010709
03720010710
03720010711
03720010712
03720010713
03720010714
03720010715
03720010716
03720010717
03720010718
03720010719
03720010720
03720010721
03720010722
03720010723
03720010724
03720010725
03720010726
03720010727
03720010728
03720010729
03720010730
03720010731
03720010732
03720010733
03720010734
03720010735
03720010736
03720010737
03720010738
03720010739
03720010740
03720010741
03720010742
03720010743
03720010744
03720010745
03720010746
03720010747
03720010748
03720010749
03720010750
03720010751
03720010752
03720010753
03720010754
03720010755
03720010756
03720010757
03720010758
03720010759
03720010760
03720010761
03720010762
03720010763
03720010764
03720010765
03720010766
03720010767
03720010768
03720010769
03720010770
03720010771
03720010772
03720010773
03720010774
03720010775
03720010776
03720010777
03720010778
03720010779
03720010780
03720010781
03720010782
03720010783
03720010784
03720010785
03720010786
03720010787
03720010788
03720010789
03720010790
03720010791
03720010792
03720010793
03720010794
03720010795
03720010796
03720010797
03720010798
03720010799
03720010800
03720010801
03720010802
03720010803
03720010804
03720010805
03720010806
03720010807
03720010808
03720010809
03720010810
03720010811
03720010812
03720010813
03720010814
03720010815
03720010816
03720010817
03720010818
03720010819
03720010820
03720010821
03720010822
03720010823
03720010824
03720010825
03720010826
03720010827
03720010828
03720010829
03720010830
03720010831
03720010832
03720010833
03720010834
03720010835
03720010836
03720010837
03720010838
03720010839
03720010840
03720010841
03720010842
03720010843
03720010844
03720010845
03720010846
03720010847
03720010848
03720010849
03720010850
03720010851
03720010852
03720010853
03720010854
03720010855
03720010856
03720010857
03720010858
03720010859
03720010860
03720010861
03720010862
03720010863
03720010864
03720010865
03720010866
03720010867
03720010868
03720010869
03720010870
03720010871
03720010872
03720010873
03720010874
03720010875
03720010876
03720010877
03720010878
03720010879
03720010880
03720010881
03720010882
03720010883
03720010884
03720010885
03720010886
03720010887
03720010888
03720010889
03720010890
03720010891
03720010892
03720010893
03720010894
03720010895
03720010896
03720010897
03720010898
03720010899
03720010900
03720010901
03720010902
03720010903
03720010904
03720010905
03720010906
03720010907
03720010908
03720010909
03720010910
03720010911
03720010912
03720010913
03720010914
03720010915
03720010916
03720010917
03720010918
03720010919
03720010920
03720010921
03720010922
03720010923
03720010924
03720010925
03720010926
03720010927
03720010928
03720010929
03720010930
03720010931
03720010932
03720010933
03720010934
03720010935
03720010936
03720010937
03720010938
03720010939
03720010940
03720010941
03720010942
03720010943
03720010944
03720010945
03720010946
03720010947
03720010948
03720010949
03720010950
03720010951
03720010952
03720010953
03720010954
03720010955
03720010956
03720010957
03720010958
03720010959
03720010960
03720010961
03720010962
03720010963
03720010964
03720010965
03720010966
03720010967
03720010968
03720010969
03720010970
03720010971
03720010972
03720010973
03720010974
03720010975
03720010976
03720010977
03720010978
03720010979
03720010980
03720010981
03720010982
03720010983
03720010984
03720010985
03720010986
03720010987
03720010988
03720010989
03720010990
03720010991
03720010992
03720010993
03720010994
03720010995
03720010996
03720010997
03720010998
03720010999
03720011000
03720011001
03720011002
03720011003
03720011004
03720011005
03720011006
03720011007
03720011008
03720011009
03720011010
03720011011
03720011012
03720011013
03720011014
03720011015
03720011016
03720011017
03720011018
03720011019
03720011020
03720011021
03720011022
03720011023
03720011024
03720011025
03720011026
03720011027
03720011028
03720011029
03720011030
03720011031
03720011032
03720011033
03720011034
03720011035
03720011036
03720011037
03720011038
03720011039
03720011040
03720011041
03720011042
03720011043
03720011044
03720011045
03720011046
03720011047
03720011048
03720011049
03720011050
03720011051
03720011052
03720011053
03720011054
03720011055
03720011056
03720011057
03720011058
03720011059
03720011060
03720011061
03720011062
03720011063
03720011064
03720011065
03720011066
03720011067
03720011068
03720011069
03720011070
03720011071
03720011072
03720011073
03720011074
03720011075
03720011076
03720011077
03720011078
03720011079
03720011080
03720011081
03720011082
03720011083
03720011084
03720011085
03720011086
03720011087
03720011088
03720011089
03720011090
03720011091
03720011092
03720011093
03720011094
03720011095
03720011096
03720011097
03720011098
03720011099
03720011100
03720011101
03720011102
03720011103
03720011104
03720011105
03720011106
03720011107
03720011108
03720011109
03720011110
03720011111
03720011112
03720011113
03720011114
03720011115
03720011116
03720011117
03720011118
03720011119
03720011120
03720011121
03720011122
03720011123
03720011124
03720011125
03720011126
03720011127
03720011128
03720011129
03720011130
03720011131
03720011132
03720011133
03720011134
03720011135
03720011136
03720011137
03720011138
03720011139
03720011140
03720011141
03720011142
03720011143
03720011144
03720011145
03720011146
03720011147
03720011148
03720011149
03720011150
03720011151
03720011152
03720011153
03720011154
03720011155
03720011156
03720011157
03720011158
03720011159
03720011160
03720011161
03720011162
03720011163
03720011164
03720011165
03720011166
03720011167
03720011168
03720011169
03720011170
03720011171
03720011172
03720011173
03720011174
03720011175
03720011176
03720011177
03720011178
03720011179
03720011180
03720011181
03720011182
03720011183
03720011184
03720011185
03720011186
03720011187
03720011188
03720011189
03720011190
03720011191
03720011192
03720011193
03720011194
03720011195
03720011196
03720011197
03720011198
03720011199
03720011200
03720011201
03720011202
03720011203
03720011204
03720011205
03720011206
03720011207
03720011208
03720011209
03720011210
03720011211
03720011212
03720011213
03720011214
03720011215
03720011216
03720011217
03720011218
03720011219
03720011220
03720011221
03720011222
03720011223
03720011224
03720011225
03720011226
03720011227
03720011228
03720011229
03720011230
03720011231
03720011232
03720011233
03720011234
03720011235
03720011236
03720011237
03720011238
03720011239
03720011240
03720011241
03720011242
03720011243
03720011244
03720011245
03720011246
03720011247
03720011248
03720011249
03720011250
03720011251
03720011252
03720011253
03720011254
03720011255
03720011256
03720011257
03720011258
03720011259
03720011260
03720011261
03720011262
03720011263
03720011264
03720011265
03720011266
03720011267
03720011268
03720011269
03720011270
03720011271
03720011272
03720011273
03720011274
03720011275
03720011276
03720011277
03720011278
03720011279
03720011280
03720011281
03720011282
03720011283
03720011284
03720011285
03720011286
03720011287
03720011288
03720011289
03720011290
03720011291
03720011292
03720011293
03720011294
03720011295
03720011296
03720011297
03720011298
03720011299
03720011300
03720011301
03720011302
03720011303
03720011304
03720011305
03720011306
03720011307
03720011308
03720011309
03720011310
03720011311
03720011312
03720011313
03720011314
03720011315
03720011316
03720011317
03720011318
03720011319
03720011320
03720011321
03720011322
03720011323
03720011324
03720011325
03720011326
03720011327
03720011328
03720011329
03720011330
03720011331
03720011332
03720011333
03720011334
03720011335
03720011336
03720011337
03720011338
03720011339
03720011340
03720011341
03720011342
03720011343
03720011344
03720011345
03720011346
03720011347
03720011348
03720011349
03720011350
03720011351
03720011352
03720011353
03720011354
03720011355
03720011356
03720011357
03720011358
03720011359
03720011360
03720011361
03720011362
03720011363
03720011364
03720011365
03720011366
03720011367
03720011368
03720011369
03720011370
03720011371
03720011372
03720011373
03720011374
03720011375
03720011376
03720011377
03720011378
03720011379
03720011380
03720011381
03720011382
03720011383
03720011384
03720011385
03720011386
03720011387
03720011388
03720011389
03720011390
03720011391
03720011392
03720011393
03720011394
03720011395
03720011396
03720011397
03720011398
03720011399
03720011400
03720011401
03720011402
03720011403
03720011404
03720011405
03720011406
03720011407
03720011408
03720011409
03720011410
03720011411
03720011412
03720011413
03720011414
03720011415
03720011416
03720011417
03720011418
03720011419
03720011420
03720011421
03720011422
03720011423
03720011424
03720011425
03720011426
03720011427
03720011428
03720011429
03720011430
03720011431
03720011432
03720011433
03720011434
03720011435
03720011436
03720011437
03720011438
03720011439
03720011440
03720011441
03720011442
03720011443
03720011444
03720011445
03720011446
03720011447
03720011448
03720011449
03720011450
03720011451
03720011452
03720011453
03720011454
03720011455
03720011456
03720011457
03720011458
03720011459
03720011460
03720011461
03720011462
03720011463
03720011464
03720011465
03720011466
03720011467
03720011468
03720011469
03720011470
03720011471
03720011472
03720011473
03720011474
03720011475
03720011476
03720011477
03720011478
03720011479
03720011480
03720011481
03720011482
03720011483
03720011484
03720011485
03720011486
03720011487
03720011488
03720011489
03720011490
03720011491
03720011492
03720011493
03720011494
03720011495
03720011496
03720011497
03720011498
03720011499
03720011500
03720011501
03720011502
03720011503
03720011504
03720011505
03720011506
03720011507
03720011508
03720011509
03720011510
03720011511
03720011512
03720011513
03720011514
03720011515
03720011516
03720011517
03720011518
03720011519
03720011520
03720011521
03720011522
03720011523
03720011524
03720011525
03720011526
03720011527
03720011528
03720011529
03720011530
03720011531
03720011532
03720011533
03720011534
03720011535
03720011536
03720011537
03720011538
03720011539
03720011540
03720011541
03720011542
03720011543
03720011544
03720011545
03720011546
03720011547
03720011548
03720011549
03720011550
03720011551
03720011552
03720011553
03720011554
03720011555
03720011556
03720011557
03720011558
03720011559
03720011560
03720011561
03720011562
03720011563
03720011564
03720011565
03720011566
03720011567
03720011568
03720011569
03720011570
03720011571
03720011572
03720011573
03720011574
03720011575
03720011576
03720011577
03720011578
03720011579
03720011580
03720011581
03720011582
03720011583
03720011584
03720011585
03720011586
03720011587
03720011588
03720011589
03720011590
03720011591
03720011592
03720011593
03720011594
03720011595
03720011596
03720011597
03720011598
03720011599
03720011600
03720011601
03720011602
03720011603
03720011604
03720011605
03720011606
03720011607
03720011608
03720011609
03720011610
03720011611
03720011612
03720011613
03720011614
03720011615
03720011616
03720011617
03720011618
03720011619
03720011620
03720011621
03720011622
03720011623
03720011624
03720011625
03720011626
03720011627
03720011628
03720011629
03720011630
03720011631
03720011632
03720011633
03720011634
03720011635
03720011636
03720011637
03720011638
03720011639
03720011640
03720011641
03720011642
03720011643
03720011644
03720011645
03720011646
03720011647
03720011648
03720011649
03720011650
03720011651
03720011652
03720011653
03720011654
03720011655
03720011656
03720011657
03720011658
03720011659
03720011660
03720011661
03720011662
03720011663
03720011664
03720011665
03720011666
03720011667
03720011668
03720011669
03720011670
03720011671
03720011672
03720011673
03720011674
03720011675
03720011676
03720011677
03720011678
03720011679
03720011680
03720011681
03720011682
03720011683
03720011684
03720011685
03720011686
03720011687
03720011688
03720011689
03720011690
03720011691
03720011692
03720011693
03720011694
03720011695
03720011696
03720011697
03720011698
03720011699
03720011700
03720011701
03720011702
03720011703
03720011704
03720011705
03720011706
03720011707
03720011708
03720011709
03720011710
03720011711
03720011712
03720011713
03720011714
03720011715
03720011716
03720011717
03720011718
03720011719
03720011720
03720011721
03720011722
03720011723
03720011724
03720011725
03720011726
03720011727
03720011728
03720011729
03720011730
03720011731
03720011732
03720011733
03720011734
03720011735
03720011736
03720011737
03720011738
03720011739
03720011740
03720011741
03720011742
03720011743
03720011744
03720011745
03720011746
03720011747
03720011748
03720011749
03720011750
03720011751
03720011752
03720011753
03720011754
03720011755
03720011756
03720011757
03720011758
03720011759
03720011760
03720011761
03720011762
03720011763
03720011764
03720011765
03720011766
03720011767
03720011768
03720011769
03720011770
03720011771
03720011772
03720011773
03720011774
03720011775
03720011776
03720011777
03720011778
03720011779
03720011780
03720011781
03720011782
03720011783
03720011784
03720011785
03720011786
03720011787
03720011788
03720011789
03720011790
03720011791
03720011792
03720011793
03720011794
03720011795
03720011796
03720011797
03720011798
03720011799
03720011800
03720011801
03720011802
03720011803
03720011804
03720011805
03720011806
03720011807
03720011808
03720011809
03720011810
03720011811
03720011812
03720011813
03720011814
03720011815
03720011816
03720011817
03720011818
03720011819
03720011820
03720011821
03720011822
03720011823
03720011824
03720011825
03720011826
03720011827
03720011828
03720011829
03720011830
03720011831
03720011832
03720011833
03720011834
03720011835
03720011836
03720011837
03720011838
03720011839
03720011840
03720011841
03720011842
03720011843
03720011844
03720011845
03720011846
03720011847
03720011848
03720011849
03720011850
03720011851
03720011852
03720011853
03720011854
03720011855
03720011856
03720011857
03720011858
03720011859
03720011860
03720011861
03720011862
03720011863
03720011864
03720011865
03720011866
03720011867
03720011868
03720011869
03720011870
03720011871
03720011872
03720011873
03720011874
03720011875
03720011876
03720011877
03720011878
03720011879
03720011880
03720011881
03720011882
03720011883
03720011884
03720011885
03720011886
03720011887
03720011888
03720011889
03720011890
03720011891
03720011892
03720011893
03720011894
03720011895
03720011896
03720011897
03720011898
03720011899
03720011900
03720011901
03720011902
03720011903
03720011904
03720011905
03720011906
03720011907
03720011908
03720011909
03720011910
03720011911
03720011912
03720011913
03720011914
03720011915
03720011916
03720011917
03720011918
03720011919
03720011920
03720011921
03720011922
03720011923
03720011924
03720011925
03720011926
03720011927
03720011928
03720011929
03720011930
03720011931
03720011932
03720011933
03720011934
03720011935
03720011936
03720011937
03720011938
03720011939
03720011940
03720011941
03720011942
03720011943
03720011944
03720011945
03720011946
03720011947
03720011948
03720011949
03720011950
03720011951
03720011952
03720011953
03720011954
03720011955
03720011956
03720011957
03720011958
03720011959
03720011960
03720011961
03720011962
03720011963
03720011964
03720011965
03720011966
03720011967
03720011968
03720011969
03720011970
03720011971
03720011972
03720011973
03720011974
03720011975
03720011976
03720011977
03720011978
03720011979
03720011980
03720011981
03720011982
03720011983
03720011984
03720011985
03720011986
03720011987
03720011988
03720011989
03720011990
03720011991
03720011992
03720011993
03720011994
03720011995
03720011996
03720011997
03720011998
03720011999
03720012000
03720012001
03720012002
03720012003
03720012004
03720012005
03720012006
03720012007
03720012008
03720012009
03720012010
03720012011
03720012012
03720012013
03720012014
03720012015
03720012016
03720012017
03720012018
03720012019
03720012020
03720012021
03720012022
03720012023
03720012024
03720012025
03720012026
03720012027
03720012028
03720012029
03720012030
03720012031
03720012032
03720012033
03720012034
03720012035
03720012036
03720012037
03720012038
03720012039
03720012040
03720012041
03720012042
03720012043
03720012044
03720012045
03720012046
03720012047
03720012048
03720012049
03720012050
03720012051
03720012052
03720012053
03720012054
03720012055
03720012056
03720012057
03720012058
03720012059
03720012060
03720012061
03720012062
03720012063
03720012064
03720012065
03720012066
03720012067
03720012068
03720012069
03720012070
03720012071
03720012072
03720012073
03720012074
03720012075
03720012076
03720012077
03720012078
03720012079
03720012080
03720012081
03720012082
03720012083
03720012084
03720012085
03720012086
03720012087
03720012088
03720012089
03720012090
03720012091
03720012092
03720012093
03720012094
03720012095
03720012096
03720012097
03720012098
03720012099
03720012100
03720012101
03720012102
03720012103
03720012104
03720012105
03720012106
03720012107
03720012108
03720012109
03720012110
03720012111
03720012112
03720012113
03720012114
03720012115
03720012116
03720012117
03720012118
03720012119
03720012120
03720012121
03720012122
03720012123
03720012124
03720012125
03720012126
03720012127
03720012128
03720012129
03720012130
03720012131
03720012132
03720012133
03720012134
03720012135
03720012136
03720012137
03720012138
03720012139
03720012140
03720012141
03720012142
03720012143
03720012144
03720012145
03720012146
03720012147
03720012148
03720012149
03720012150
03720012151
03720012152
03720012153
03720012154
03720012155
03720012156
03720012157
03720012158
03720012159
03720012160
03720012161
03720012162
03720012163
03720012164
03720012165
03720012166
03720012167
03720012168
03720012169
03720012170
03720012171
03720012172
03720012173
03720012174
03720012175
03720012176
03720012177
03720012178
03720012179
03720012180
03720012181
03720012182
03720012183
03720012184
03720012185
03720012186
03720012187
03720012188
03720012189
03720012190
03720012191
03720012192
03720012193
03720012194
03720012195
03720012196
03720012197
03720012198
03720012199
03720012200
03720012201
03720012202
03720012203
03720012204
03720012205
03720012206
03720012207
03720012208
03720012209
03720012210
03720012211
03720012212
03720012213
03720012214
03720012215
03720012216
03720012217
03720012218
03720012219
03720012220
03720012221
03720012222
03720012223
03720012224
03720012225
03720012226
03720012227
03720012228
03720012229
03720012230
03720012231
03720012232
03720012233
03720012234
03720012235
03720012236
03720012237
03720012238
03720012239
03720012240
03720012241
03720012242
03720012243
03720012244
03720012245
03720012246
03720012247
03720012248
03720012249
03720012250
03720012251
03720012252
03720012253
03720012254
03720012255
03720012256
03720012257
03720012258
03720012259
03720012260
03720012261
03720012262
03720012263
03720012264
03720012265
03720012266
03720012267
03720012268
03720012269
03720012270
03720012271
03720012272
03720012273
03720012274
03720012275
03720012276
03720012277
03720012278
03720012279
03720012280
03720012281
03720012282
03720012283
03720012284
03720012285
03720012286
03720012287
03720012288
03720012289
03720012290
03720012291
03720012292
03720012293
03720012294
03720012295
03720012296
03720012297
03720012298
03720012299
03720012300
03720012301
03720012302
03720012303
03720012304
03720012305
03720012306
03720012307
03720012308
03720012309
03720012310
03720012311
03720012312
03720012313
03720012314
03720012315
03720012316
03720012317
03720012318
03720012319
03720012320
03720012321
03720012322
03720012323
03720012324
03720012325
03720012326
03720012327
03720012328
03720012329
03720012330
03720012331
03720012332
03720012333
03720012334
03720012335
03720012336
03720012337
03720012338
03720012339
03720012340
03720012341
03720012342
03720012343
03720012344
03720012345
03720012346
03720012347
03720012348
03720012349
03720012350
03720012351
03720012352
03720012353
03720012354
03720012355
03720012356
03720012357
03720012358
03720012359
03720012360
03720012361
03720012362
03720012363
03720012364
03720012365
03720012366
03720012367
03720012368
03720012369
03720012370
03720012371
03720012372
03720012373
03720012374
03720012375
03720012376
03720012377
03720012378
03720012379
03720012380
03720012381
03720012382
03720012383
03720012384
03720012385
03720012386
03720012387
03720012388
03720012389
03720012390
03720012391
03720012392
03720012393
03720012394
03720012395
03720012396
03720012397
03720012398
03720012399
03720012400
03720012401
03720012402
03720012403
03720012404
03720012405
03720012406
03720012407
03720012408
03720012409
03720012410
03720012411
03720012412
03720012413
03720012414
03720012415
03720012416
03720012417
03720012418
03720012419
03720012420
03720012421
03720012422
03720012423
03720012424
03720012425
03720012426
03720012427
03720012428
03720012429
03720012430
03720012431
03720012432
03720012433
03720012434
03720012435
03720012436
03720012437
03720012438
03720012439
03720012440
03720012441
03720012442
03720012443
03720012444
03720012445
03720012446
03720012447
03720012448
03720012449
03720012450
03720012451
03720012452
03720012453
03720012454
03720012455
03720012456
03720012457
03720012458
03720012459
03720012460
03720012461
03720012462
03720012463
03720012464
03720012465
03720012466
03720012467
03720012468
03720012469
03720012470
03720012471
03720012472
03720012473
03720012474
03720012475
03720012476
03720012477
03720012478
03720012479
03720012480
03720012481
03720012482
03720012483
03720012484
03720012485
03720012486
03720012487
03720012488
03720012489
03720012490
03720012491
03720012492
03720012493
03720012494
03720012495
03720012496
03720012497
03720012498
03720012499
03720012500
03720012501
03720012502
03720012503
03720012504
03720012505
03720012506
03720012507
03720012508
03720012509
03720012510
03720012511
03720012512
03720012513
03720012514
03720012515
03720012516
03720012517
03720012518
03720012519
03720012520
03720012521
03720012522
03720012523
03720012524
03720012525
03720012526
03720012527
03720012528
03720012529
03720012530
03720012531
03720012532
03720012533
03720012534
03720012535
03720012536
03720012537
03720012538
03720012539
03720012540
03720012541
03720012542
03720012543
03720012544
03720012545
03720012546
03720012547
03720012548
03720012549
03720012550
03720012551
03720012552
03720012553
03720012554
03720012555
03720012556
03720012557
03720012558
03720012559
03720012560
03720012561
03720012562
03720012563
03720012564
03720012565
03720012566
03720012567
03720012568
03720012569
03720012570
03720012571
03720012572
03720012573
03720012574
03720012575
03720012576
03720012577
03720012578
03720012579
03720012580
03720012581
03720012582
03720012583
03720012584
03720012585
03720012586
03720012587
03720012588
03720012589
03720012590
03720012591
03720012592
03720012593
03720012594
03720012595
03720012596
03720012597
03720012598
03720012599
03720012600
03720012601
03720012602
03720012603
03720012604
03720012605
03720012606
03720012607
03720012608
03720012609
03720012610
03720012611
03720012612
03720012613
03720012614
03720012615
03720012616
03720012617
03720012618
03720012619
03720012620
03720012621
03720012622
03720012623
03720012624
03720012625
03720012626
03720012627
03720012628
03720012629
03720012630
03720012631
03720012632
03720012633
03720012634
03720012635
03720012636
03720012637
03720012638
03720012639
03720012640
03720012641
03720012642
03720012643
03720012644
03720012645
03720012646
03720012647
03720012648
03720012649
03720012650
03720012651
03720012652
03720012653
03720012654
03720012655
03720012656
03720012657
03720012658
03720012659
03720012660
03720012661
03720012662
03720012663
03720012664
03720012665
03720012666
03720012667
03720012668
03720012669
03720012670
03720012671
03720012672
03720012673
03720012674
03720012675
03720012676
03720012677
03720012678
03720012679
03720012680
03720012681
03720012682
03720012683
03720012684
03720012685
03720012686
03720012687
03720012688
03720012689
03720012690
03720012691
03720012692
03720012693
03720012694
03720012695
03720012696
03720012697
03720012698
03720012699
03720012700
03720012701
03720012702
03720012703
03720012704
03720012705
03720012706
03720012707
03720012708
03720012709
03720012710
03720012711
03720012712
03720012713
03720012714
03720012715
03720012716
03720012717
03720012718
03720012719
03720012720
03720012721
03720012722
03720012723
03720012724
03720012725
03720012726
03720012727
03720012728
03720012729
03720012730
03720012731
03720012732
03720012733
03720012734
03720012735
03720012736
03720012737
03720012738
03720012739
03720012740
03720012741
03720012742
03720012743
03720012744
03720012745
03720012746
03720012747
03720012748
03720012749
03720012750
03720012751
03720012752
03720012753
03720012754
03720012755
03720012756
03720012757
03720012758
03720012759
03720012760
03720012761
03720012762
03720012763
03720012764
03720012765
03720012766
03720012767
03720012768
03720012769
03720012770
03720012771
03720012772
03720012773
03720012774
03720012775
03720012776
03720012777
03720012778
03720012779
03720012780
03720012781
03720012782
03720012783
03720012784
03720012785
03720012786
03720012787
03720012788
03720012789
03720012790
03720012791
03720012792
03720012793
03720012794
03720012795
03720012796
03720012797
03720012798
03720012799
03720012800
03720012801
03720012802
03720012803
03720012804
03720012805
03720012806
03720012807
03720012808
03720012809
03720012810
03720012811
03720012812
03720012813
03720012814
03720012815
03720012816
03720012817
03720012818
03720012819
03720012820
03720012821
03720012822
03720012823
03720012824
03720012825
03720012826
03720012827
03720012828
03720012829
03720012830
03720012831
03720012832
03720012833
03720012834
03720012835
03720012836
03720012837
03720012838
03720012839
03720012840
03720012841
03720012842
03720012843
03720012844
03720012845
03720012846
03720012847
03720012848
03720012849
03720012850
03720012851
03720012852
03720012853
03720012854
03720012855
03720012856
03720012857
03720012858
03720012859
03720012860
03720012861
03720012862
03720012863
03720012864
03720012865
03720012866
03720012867
03720012868
03720012869
03720012870
03720012871
03720012872
03720012873
03720012874
03720012875
03720012876
03720012877
03720012878
03720012879
03720012880
03720012881
03720012882
03720012883
03720012884
03720012885
03720012886
03720012887
03720012888
03720012889
03720012890
03720012891
03720012892
03720012893
03720012894
03720012895
03720012896
03720012897
03720012898
03720012899
03720012900
03720012901
03720012902
03720012903
03720012904
03720012905
03720012906
03720012907
03720012908
03720012909
03720012910
03720012911
03720012912
03720012913
03720012914
03720012915
03720012916
03720012917
03720012918
03720012919
03720012920
03720012921
03720012922
03720012923
03720012924
03720012925
03720012926
03720012927
03720012928
03720012929
03720012930
03720012931
03720012932
03720012933
03720012934
03720012935
03720012936
03720012937
03720012938
03720012939
03720012940
03720012941
03720012942
03720012943
03720012944
03720012945
03720012946
03720012947
03720012948
03720012949
03720012950
03720012951
03720012952
03720012953
03720012954
03720012955
03720012956
03720012957
03720012958
03720012959
03720012960
03720012961
03720012962
03720012963
03720012964
03720012965
03720012966
03720012967
03720012968
03720012969
03720012970
03720012971
03720012972
03720012973
03720012974
03720012975
03720012976
03720012977
03720012978
03720012979
03720012980
03720012981
03720012982
03720012983
03720012984
03720012985
03720012986
03720012987
03720012988
03720012989
03720012990
03720012991
03720012992
03720012993
03720012994
03720012995
03720012996
03720012997
03720012998
03720012999