AccountNumber	FinalChecksum	RawChecksum
03720010000	5	6
03720010001	3	8
03720010002	1	10
03720010003	-1	1
03720010004	8	3
03720010005	6	5
03720010006	4	7
03720010007	2	9
03720010008	0	0
03720010009	9	2
03720010010	1	10
03720010011	-1	1
03720010012	8	3
03720010013	6	5
03720010014	4	7
03720010015	2	9
03720010016	0	0
03720010017	9	2
03720010018	7	4
03720010019	5	6
03720010020	8	3
03720010021	6	5
03720010022	4	7
03720010023	2	9
03720010024	0	0
03720010025	9	2
03720010026	7	4
03720010027	5	6
03720010028	3	8
03720010029	1	10
03720010030	4	7
03720010031	2	9
03720010032	0	0
03720010033	9	2
03720010034	7	4
03720010035	5	6
03720010036	3	8
03720010037	1	10
03720010038	-1	1
03720010039	8	3
03720010040	0	0
03720010041	9	2
03720010042	7	4
03720010043	5	6
03720010044	3	8
03720010045	1	10
03720010046	-1	1
03720010047	8	3
03720010048	6	5
03720010049	4	7
03720010050	7	4
03720010051	5	6
03720010052	3	8
03720010053	1	10
03720010054	-1	1
03720010055	8	3
03720010056	6	5
03720010057	4	7
03720010058	2	9
03720010059	0	0
03720010060	3	8
03720010061	1	10
03720010062	-1	1
03720010063	8	3
03720010064	6	5
03720010065	4	7
03720010066	2	9
03720010067	0	0
03720010068	9	2
03720010069	7	4
03720010070	-1	1
03720010071	8	3
03720010072	6	5
03720010073	4	7
03720010074	2	9
03720010075	0	0
03720010076	9	2
03720010077	7	4
03720010078	5	6
03720010079	3	8
03720010080	6	5
03720010081	4	7
03720010082	2	9
03720010083	0	0
03720010084	9	2
03720010085	7	4
03720010086	5	6
03720010087	3	8
03720010088	1	10
03720010089	-1	1
03720010090	2	9
03720010091	0	0
03720010092	9	2
03720010093	7	4
03720010094	5	6
03720010095	3	8
03720010096	1	10
03720010097	-1	1
03720010098	8	3
03720010099	6	5
03720010100	8	3
03720010101	6	5
03720010102	4	7
03720010103	2	9
03720010104	0	0
03720010105	9	2
03720010106	7	4
03720010107	5	6
03720010108	3	8
03720010109	1	10
03720010110	4	7
03720010111	2	9
03720010112	0	0
03720010113	9	2
03720010114	7	4
03720010115	5	6
03720010116	3	8
03720010117	1	10
03720010118	-1	1
03720010119	8	3
03720010120	0	0
03720010121	9	2
03720010122	7	4
03720010123	5	6
03720010124	3	8
03720010125	1	10
03720010126	-1	1
03720010127	8	3
03720010128	6	5
03720010129	4	7
03720010130	7	4
03720010131	5	6
03720010132	3	8
03720010133	1	10
03720010134	-1	1
03720010135	8	3
03720010136	6	5
03720010137	4	7
03720010138	2	9
03720010139	0	0
03720010140	3	8
03720010141	1	10
03720010142	-1	1
03720010143	8	3
03720010144	6	5
03720010145	4	7
03720010146	2	9
03720010147	0	0
03720010148	9	2
03720010149	7	4
03720010150	-1	1
03720010151	8	3
03720010152	6	5
03720010153	4	7
03720010154	2	9
03720010155	0	0
03720010156	9	2
03720010157	7	4
03720010158	5	6
03720010159	3	8
03720010160	6	5
03720010161	4	7
03720010162	2	9
03720010163	0	0
03720010164	9	2
03720010165	7	4
03720010166	5	6
03720010167	3	8
03720010168	1	10
03720010169	-1	1
03720010170	2	9
03720010171	0	0
03720010172	9	2
03720010173	7	4
03720010174	5	6
03720010175	3	8
03720010176	1	10
03720010177	-1	1
03720010178	8	3
03720010179	6	5
03720010180	9	2
03720010181	7	4
03720010182	5	6
03720010183	3	8
03720010184	1	10
03720010185	-1	1
03720010186	8	3
03720010187	6	5
03720010188	4	7
03720010189	2	9
03720010190	5	6
03720010191	3	8
03720010192	1	10
03720010193	-1	1
03720010194	8	3
03720010195	6	5
03720010196	4	7
03720010197	2	9
03720010198	0	0
03720010199	9	2
03720010200	0	0
03720010201	9	2
03720010202	7	4
03720010203	5	6
03720010204	3	8
03720010205	1	10
03720010206	-1	1
03720010207	8	3
03720010208	6	5
03720010209	4	7
03720010210	7	4
03720010211	5	6
03720010212	3	8
03720010213	1	10
03720010214	-1	1
03720010215	8	3
03720010216	6	5
03720010217	4	7
03720010218	2	9
03720010219	0	0
03720010220	3	8
03720010221	1	10
03720010222	-1	1
03720010223	8	3
03720010224	6	5
03720010225	4	7
03720010226	2	9
03720010227	0	0
03720010228	9	2
03720010229	7	4
03720010230	-1	1
03720010231	8	3
03720010232	6	5
03720010233	4	7
03720010234	2	9
03720010235	0	0
03720010236	9	2
03720010237	7	4
03720010238	5	6
03720010239	3	8
03720010240	6	5
03720010241	4	7
03720010242	2	9
03720010243	0	0
03720010244	9	2
03720010245	7	4
03720010246	5	6
03720010247	3	8
03720010248	1	10
03720010249	-1	1
03720010250	2	9
03720010251	0	0
03720010252	9	2
03720010253	7	4
03720010254	5	6
03720010255	3	8
03720010256	1	10
03720010257	-1	1
03720010258	8	3
03720010259	6	5
03720010260	9	2
03720010261	7	4
03720010262	5	6
03720010263	3	8
03720010264	1	10
03720010265	-1	1
03720010266	8	3
03720010267	6	5
03720010268	4	7
03720010269	2	9
03720010270	5	6
03720010271	3	8
03720010272	1	10
03720010273	-1	1
03720010274	8	3
03720010275	6	5
03720010276	4	7
03720010277	2	9
03720010278	0	0
03720010279	9	2
03720010280	1	10
03720010281	-1	1
03720010282	8	3
03720010283	6	5
03720010284	4	7
03720010285	2	9
03720010286	0	0
03720010287	9	2
03720010288	7	4
03720010289	5	6
03720010290	8	3
03720010291	6	5
03720010292	4	7
03720010293	2	9
03720010294	0	0
03720010295	9	2
03720010296	7	4
03720010297	5	6
03720010298	3	8
03720010299	1	10
03720010300	3	8
03720010301	1	10
03720010302	-1	1
03720010303	8	3
03720010304	6	5
03720010305	4	7
03720010306	2	9
03720010307	0	0
03720010308	9	2
03720010309	7	4
03720010310	-1	1
03720010311	8	3
03720010312	6	5
03720010313	4	7
03720010314	2	9
03720010315	0	0
03720010316	9	2
03720010317	7	4
03720010318	5	6
03720010319	3	8
03720010320	6	5
03720010321	4	7
03720010322	2	9
03720010323	0	0
03720010324	9	2
03720010325	7	4
03720010326	5	6
03720010327	3	8
03720010328	1	10
03720010329	-1	1
03720010330	2	9
03720010331	0	0
03720010332	9	2
03720010333	7	4
03720010334	5	6
03720010335	3	8
03720010336	1	10
03720010337	-1	1
03720010338	8	3
03720010339	6	5
03720010340	9	2
03720010341	7	4
03720010342	5	6
03720010343	3	8
03720010344	1	10
03720010345	-1	1
03720010346	8	3
03720010347	6	5
03720010348	4	7
03720010349	2	9
03720010350	5	6
03720010351	3	8
03720010352	1	10
03720010353	-1	1
03720010354	8	3
03720010355	6	5
03720010356	4	7
03720010357	2	9
03720010358	0	0
03720010359	9	2
03720010360	1	10
03720010361	-1	1
03720010362	8	3
03720010363	6	5
03720010364	4	7
03720010365	2	9
03720010366	0	0
03720010367	9	2
03720010368	7	4
03720010369	5	6
03720010370	8	3
03720010371	6	5
03720010372	4	7
03720010373	2	9
03720010374	0	0
03720010375	9	2
03720010376	7	4
03720010377	5	6
03720010378	3	8
03720010379	1	10
03720010380	4	7
03720010381	2	9
03720010382	0	0
03720010383	9	2
03720010384	7	4
03720010385	5	6
03720010386	3	8
03720010387	1	10
03720010388	-1	1
03720010389	8	3
03720010390	0	0
03720010391	9	2
03720010392	7	4
03720010393	5	6
03720010394	3	8
03720010395	1	10
03720010396	-1	1
03720010397	8	3
03720010398	6	5
03720010399	4	7
03720010400	6	5
03720010401	4	7
03720010402	2	9
03720010403	0	0
03720010404	9	2
03720010405	7	4
03720010406	5	6
03720010407	3	8
03720010408	1	10
03720010409	-1	1
03720010410	2	9
03720010411	0	0
03720010412	9	2
03720010413	7	4
03720010414	5	6
03720010415	3	8
03720010416	1	10
03720010417	-1	1
03720010418	8	3
03720010419	6	5
03720010420	9	2
03720010421	7	4
03720010422	5	6
03720010423	3	8
03720010424	1	10
03720010425	-1	1
03720010426	8	3
03720010427	6	5
03720010428	4	7
03720010429	2	9
03720010430	5	6
03720010431	3	8
03720010432	1	10
03720010433	-1	1
03720010434	8	3
03720010435	6	5
03720010436	4	7
03720010437	2	9
03720010438	0	0
03720010439	9	2
03720010440	1	10
03720010441	-1	1
03720010442	8	3
03720010443	6	5
03720010444	4	7
03720010445	2	9
03720010446	0	0
03720010447	9	2
03720010448	7	4
03720010449	5	6
03720010450	8	3
03720010451	6	5
03720010452	4	7
03720010453	2	9
03720010454	0	0
03720010455	9	2
03720010456	7	4
03720010457	5	6
03720010458	3	8
03720010459	1	10
03720010460	4	7
03720010461	2	9
03720010462	0	0
03720010463	9	2
03720010464	7	4
03720010465	5	6
03720010466	3	8
03720010467	1	10
03720010468	-1	1
03720010469	8	3
03720010470	0	0
03720010471	9	2
03720010472	7	4
03720010473	5	6
03720010474	3	8
03720010475	1	10
03720010476	-1	1
03720010477	8	3
03720010478	6	5
03720010479	4	7
03720010480	7	4
03720010481	5	6
03720010482	3	8
03720010483	1	10
03720010484	-1	1
03720010485	8	3
03720010486	6	5
03720010487	4	7
03720010488	2	9
03720010489	0	0
03720010490	3	8
03720010491	1	10
03720010492	-1	1
03720010493	8	3
03720010494	6	5
03720010495	4	7
03720010496	2	9
03720010497	0	0
03720010498	9	2
03720010499	7	4
03720010500	9	2
03720010501	7	4
03720010502	5	6
03720010503	3	8
03720010504	1	10
03720010505	-1	1
03720010506	8	3
03720010507	6	5
03720010508	4	7
03720010509	2	9
03720010510	5	6
03720010511	3	8
03720010512	1	10
03720010513	-1	1
03720010514	8	3
03720010515	6	5
03720010516	4	7
03720010517	2	9
03720010518	0	0
03720010519	9	2
03720010520	1	10
03720010521	-1	1
03720010522	8	3
03720010523	6	5
03720010524	4	7
03720010525	2	9
03720010526	0	0
03720010527	9	2
03720010528	7	4
03720010529	5	6
03720010530	8	3
03720010531	6	5
03720010532	4	7
03720010533	2	9
03720010534	0	0
03720010535	9	2
03720010536	7	4
03720010537	5	6
03720010538	3	8
03720010539	1	10
03720010540	4	7
03720010541	2	9
03720010542	0	0
03720010543	9	2
03720010544	7	4
03720010545	5	6
03720010546	3	8
03720010547	1	10
03720010548	-1	1
03720010549	8	3
03720010550	0	0
03720010551	9	2
03720010552	7	4
03720010553	5	6
03720010554	3	8
03720010555	1	10
03720010556	-1	1
03720010557	8	3
03720010558	6	5
03720010559	4	7
03720010560	7	4
03720010561	5	6
03720010562	3	8
03720010563	1	10
03720010564	-1	1
03720010565	8	3
03720010566	6	5
03720010567	4	7
03720010568	2	9
03720010569	0	0
03720010570	3	8
03720010571	1	10
03720010572	-1	1
03720010573	8	3
03720010574	6	5
03720010575	4	7
03720010576	2	9
03720010577	0	0
03720010578	9	2
03720010579	7	4
03720010580	-1	1
03720010581	8	3
03720010582	6	5
03720010583	4	7
03720010584	2	9
03720010585	0	0
03720010586	9	2
03720010587	7	4
03720010588	5	6
03720010589	3	8
03720010590	6	5
03720010591	4	7
03720010592	2	9
03720010593	0	0
03720010594	9	2
03720010595	7	4
03720010596	5	6
03720010597	3	8
03720010598	1	10
03720010599	-1	1
03720010600	1	10
03720010601	-1	1
03720010602	8	3
03720010603	6	5
03720010604	4	7
03720010605	2	9
03720010606	0	0
03720010607	9	2
03720010608	7	4
03720010609	5	6
03720010610	8	3
03720010611	6	5
03720010612	4	7
03720010613	2	9
03720010614	0	0
03720010615	9	2
03720010616	7	4
03720010617	5	6
03720010618	3	8
03720010619	1	10
03720010620	4	7
03720010621	2	9
03720010622	0	0
03720010623	9	2
03720010624	7	4
03720010625	5	6
03720010626	3	8
03720010627	1	10
03720010628	-1	1
03720010629	8	3
03720010630	0	0
03720010631	9	2
03720010632	7	4
03720010633	5	6
03720010634	3	8
03720010635	1	10
03720010636	-1	1
03720010637	8	3
03720010638	6	5
03720010639	4	7
03720010640	7	4
03720010641	5	6
03720010642	3	8
03720010643	1	10
03720010644	-1	1
03720010645	8	3
03720010646	6	5
03720010647	4	7
03720010648	2	9
03720010649	0	0
03720010650	3	8
03720010651	1	10
03720010652	-1	1
03720010653	8	3
03720010654	6	5
03720010655	4	7
03720010656	2	9
03720010657	0	0
03720010658	9	2
03720010659	7	4
03720010660	-1	1
03720010661	8	3
03720010662	6	5
03720010663	4	7
03720010664	2	9
03720010665	0	0
03720010666	9	2
03720010667	7	4
03720010668	5	6
03720010669	3	8
03720010670	6	5
03720010671	4	7
03720010672	2	9
03720010673	0	0
03720010674	9	2
03720010675	7	4
03720010676	5	6
03720010677	3	8
03720010678	1	10
03720010679	-1	1
03720010680	2	9
03720010681	0	0
03720010682	9	2
03720010683	7	4
03720010684	5	6
03720010685	3	8
03720010686	1	10
03720010687	-1	1
03720010688	8	3
03720010689	6	5
03720010690	9	2
03720010691	7	4
03720010692	5	6
03720010693	3	8
03720010694	1	10
03720010695	-1	1
03720010696	8	3
03720010697	6	5
03720010698	4	7
03720010699	2	9
03720010700	4	7
03720010701	2	9
03720010702	0	0
03720010703	9	2
03720010704	7	4
03720010705	5	6
03720010706	3	8
03720010707	1	10
03720010708	-1	1
03720010709	8	3
03720010710	0	0
03720010711	9	2
03720010712	7	4
03720010713	5	6
03720010714	3	8
03720010715	1	10
03720010716	-1	1
03720010717	8	3
03720010718	6	5
03720010719	4	7
03720010720	7	4
03720010721	5	6
03720010722	3	8
03720010723	1	10
03720010724	-1	1
03720010725	8	3
03720010726	6	5
03720010727	4	7
03720010728	2	9
03720010729	0	0
03720010730	3	8
03720010731	1	10
03720010732	-1	1
03720010733	8	3
03720010734	6	5
03720010735	4	7
03720010736	2	9
03720010737	0	0
03720010738	9	2
03720010739	7	4
03720010740	-1	1
03720010741	8	3
03720010742	6	5
03720010743	4	7
03720010744	2	9
03720010745	0	0
03720010746	9	2
03720010747	7	4
03720010748	5	6
03720010749	3	8
03720010750	6	5
03720010751	4	7
03720010752	2	9
03720010753	0	0
03720010754	9	2
03720010755	7	4
03720010756	5	6
03720010757	3	8
03720010758	1	10
03720010759	-1	1
03720010760	2	9
03720010761	0	0
03720010762	9	2
03720010763	7	4
03720010764	5	6
03720010765	3	8
03720010766	1	10
03720010767	-1	1
03720010768	8	3
03720010769	6	5
03720010770	9	2
03720010771	7	4
03720010772	5	6
03720010773	3	8
03720010774	1	10
03720010775	-1	1
03720010776	8	3
03720010777	6	5
03720010778	4	7
03720010779	2	9
03720010780	5	6
03720010781	3	8
03720010782	1	10
03720010783	-1	1
03720010784	8	3
03720010785	6	5
03720010786	4	7
03720010787	2	9
03720010788	0	0
03720010789	9	2
03720010790	1	10
03720010791	-1	1
03720010792	8	3
03720010793	6	5
03720010794	4	7
03720010795	2	9
03720010796	0	0
03720010797	9	2
03720010798	7	4
03720010799	5	6
03720010800	7	4
03720010801	5	6
03720010802	3	8
03720010803	1	10
03720010804	-1	1
03720010805	8	3
03720010806	6	5
03720010807	4	7
03720010808	2	9
03720010809	0	0
03720010810	3	8
03720010811	1	10
03720010812	-1	1
03720010813	8	3
03720010814	6	5
03720010815	4	7
03720010816	2	9
03720010817	0	0
03720010818	9	2
03720010819	7	4
03720010820	-1	1
03720010821	8	3
03720010822	6	5
03720010823	4	7
03720010824	2	9
03720010825	0	0
03720010826	9	2
03720010827	7	4
03720010828	5	6
03720010829	3	8
03720010830	6	5
03720010831	4	7
03720010832	2	9
03720010833	0	0
03720010834	9	2
03720010835	7	4
03720010836	5	6
03720010837	3	8
03720010838	1	10
03720010839	-1	1
03720010840	2	9
03720010841	0	0
03720010842	9	2
03720010843	7	4
03720010844	5	6
03720010845	3	8
03720010846	1	10
03720010847	-1	1
03720010848	8	3
03720010849	6	5
03720010850	9	2
03720010851	7	4
03720010852	5	6
03720010853	3	8
03720010854	1	10
03720010855	-1	1
03720010856	8	3
03720010857	6	5
03720010858	4	7
03720010859	2	9
03720010860	5	6
03720010861	3	8
03720010862	1	10
03720010863	-1	1
03720010864	8	3
03720010865	6	5
03720010866	4	7
03720010867	2	9
03720010868	0	0
03720010869	9	2
03720010870	1	10
03720010871	-1	1
03720010872	8	3
03720010873	6	5
03720010874	4	7
03720010875	2	9
03720010876	0	0
03720010877	9	2
03720010878	7	4
03720010879	5	6
03720010880	8	3
03720010881	6	5
03720010882	4	7
03720010883	2	9
03720010884	0	0
03720010885	9	2
03720010886	7	4
03720010887	5	6
03720010888	3	8
03720010889	1	10
03720010890	4	7
03720010891	2	9
03720010892	0	0
03720010893	9	2
03720010894	7	4
03720010895	5	6
03720010896	3	8
03720010897	1	10
03720010898	-1	1
03720010899	8	3
03720010900	-1	1
03720010901	8	3
03720010902	6	5
03720010903	4	7
03720010904	2	9
03720010905	0	0
03720010906	9	2
03720010907	7	4
03720010908	5	6
03720010909	3	8
03720010910	6	5
03720010911	4	7
03720010912	2	9
03720010913	0	0
03720010914	9	2
03720010915	7	4
03720010916	5	6
03720010917	3	8
03720010918	1	10
03720010919	-1	1
03720010920	2	9
03720010921	0	0
03720010922	9	2
03720010923	7	4
03720010924	5	6
03720010925	3	8
03720010926	1	10
03720010927	-1	1
03720010928	8	3
03720010929	6	5
03720010930	9	2
03720010931	7	4
03720010932	5	6
03720010933	3	8
03720010934	1	10
03720010935	-1	1
03720010936	8	3
03720010937	6	5
03720010938	4	7
03720010939	2	9
03720010940	5	6
03720010941	3	8
03720010942	1	10
03720010943	-1	1
03720010944	8	3
03720010945	6	5
03720010946	4	7
03720010947	2	9
03720010948	0	0
03720010949	9	2
03720010950	1	10
03720010951	-1	1
03720010952	8	3
03720010953	6	5
03720010954	4	7
03720010955	2	9
03720010956	0	0
03720010957	9	2
03720010958	7	4
03720010959	5	6
03720010960	8	3
03720010961	6	5
03720010962	4	7
03720010963	2	9
03720010964	0	0
03720010965	9	2
03720010966	7	4
03720010967	5	6
03720010968	3	8
03720010969	1	10
03720010970	4	7
03720010971	2	9
03720010972	0	0
03720010973	9	2
03720010974	7	4
03720010975	5	6
03720010976	3	8
03720010977	1	10
03720010978	-1	1
03720010979	8	3
03720010980	0	0
03720010981	9	2
03720010982	7	4
03720010983	5	6
03720010984	3	8
03720010985	1	10
03720010986	-1	1
03720010987	8	3
03720010988	6	5
03720010989	4	7
03720010990	7	4
03720010991	5	6
03720010992	3	8
03720010993	1	10
03720010994	-1	1
03720010995	8	3
03720010996	6	5
03720010997	4	7
03720010998	2	9
03720010999	0	0
03720011000	0	0
03720011001	9	2
03720011002	7	4
03720011003	5	6
03720011004	3	8
03720011005	1	10
03720011006	-1	1
03720011007	8	3
03720011008	6	5
03720011009	4	7
03720011010	7	4
03720011011	5	6
03720011012	3	8
03720011013	1	10
03720011014	-1	1
03720011015	8	3
03720011016	6	5
03720011017	4	7
03720011018	2	9
03720011019	0	0
03720011020	3	8
03720011021	1	10
03720011022	-1	1
03720011023	8	3
03720011024	6	5
03720011025	4	7
03720011026	2	9
03720011027	0	0
03720011028	9	2
03720011029	7	4
03720011030	-1	1
03720011031	8	3
03720011032	6	5
03720011033	4	7
03720011034	2	9
03720011035	0	0
03720011036	9	2
03720011037	7	4
03720011038	5	6
03720011039	3	8
03720011040	6	5
03720011041	4	7
03720011042	2	9
03720011043	0	0
03720011044	9	2
03720011045	7	4
03720011046	5	6
03720011047	3	8
03720011048	1	10
03720011049	-1	1
03720011050	2	9
03720011051	0	0
03720011052	9	2
03720011053	7	4
03720011054	5	6
03720011055	3	8
03720011056	1	10
03720011057	-1	1
03720011058	8	3
03720011059	6	5
03720011060	9	2
03720011061	7	4
03720011062	5	6
03720011063	3	8
03720011064	1	10
03720011065	-1	1
03720011066	8	3
03720011067	6	5
03720011068	4	7
03720011069	2	9
03720011070	5	6
03720011071	3	8
03720011072	1	10
03720011073	-1	1
03720011074	8	3
03720011075	6	5
03720011076	4	7
03720011077	2	9
03720011078	0	0
03720011079	9	2
03720011080	1	10
03720011081	-1	1
03720011082	8	3
03720011083	6	5
03720011084	4	7
03720011085	2	9
03720011086	0	0
03720011087	9	2
03720011088	7	4
03720011089	5	6
03720011090	8	3
03720011091	6	5
03720011092	4	7
03720011093	2	9
03720011094	0	0
03720011095	9	2
03720011096	7	4
03720011097	5	6
03720011098	3	8
03720011099	1	10
03720011100	3	8
03720011101	1	10
03720011102	-1	1
03720011103	8	3
03720011104	6	5
03720011105	4	7
03720011106	2	9
03720011107	0	0
03720011108	9	2
03720011109	7	4
03720011110	-1	1
03720011111	8	3
03720011112	6	5
03720011113	4	7
03720011114	2	9
03720011115	0	0
03720011116	9	2
03720011117	7	4
03720011118	5	6
03720011119	3	8
03720011120	6	5
03720011121	4	7
03720011122	2	9
03720011123	0	0
03720011124	9	2
03720011125	7	4
03720011126	5	6
03720011127	3	8
03720011128	1	10
03720011129	-1	1
03720011130	2	9
03720011131	0	0
03720011132	9	2
03720011133	7	4
03720011134	5	6
03720011135	3	8
03720011136	1	10
03720011137	-1	1
03720011138	8	3
03720011139	6	5
03720011140	9	2
03720011141	7	4
03720011142	5	6
03720011143	3	8
03720011144	1	10
03720011145	-1	1
03720011146	8	3
03720011147	6	5
03720011148	4	7
03720011149	2	9
03720011150	5	6
03720011151	3	8
03720011152	1	10
03720011153	-1	1
03720011154	8	3
03720011155	6	5
03720011156	4	7
03720011157	2	9
03720011158	0	0
03720011159	9	2
03720011160	1	10
03720011161	-1	1
03720011162	8	3
03720011163	6	5
03720011164	4	7
03720011165	2	9
03720011166	0	0
03720011167	9	2
03720011168	7	4
03720011169	5	6
03720011170	8	3
03720011171	6	5
03720011172	4	7
03720011173	2	9
03720011174	0	0
03720011175	9	2
03720011176	7	4
03720011177	5	6
03720011178	3	8
03720011179	1	10
03720011180	4	7
03720011181	2	9
03720011182	0	0
03720011183	9	2
03720011184	7	4
03720011185	5	6
03720011186	3	8
03720011187	1	10
03720011188	-1	1
03720011189	8	3
03720011190	0	0
03720011191	9	2
03720011192	7	4
03720011193	5	6
03720011194	3	8
03720011195	1	10
03720011196	-1	1
03720011197	8	3
03720011198	6	5
03720011199	4	7
03720011200	6	5
03720011201	4	7
03720011202	2	9
03720011203	0	0
03720011204	9	2
03720011205	7	4
03720011206	5	6
03720011207	3	8
03720011208	1	10
03720011209	-1	1
03720011210	2	9
03720011211	0	0
03720011212	9	2
03720011213	7	4
03720011214	5	6
03720011215	3	8
03720011216	1	10
03720011217	-1	1
03720011218	8	3
03720011219	6	5
03720011220	9	2
03720011221	7	4
03720011222	5	6
03720011223	3	8
03720011224	1	10
03720011225	-1	1
03720011226	8	3
03720011227	6	5
03720011228	4	7
03720011229	2	9
03720011230	5	6
03720011231	3	8
03720011232	1	10
03720011233	-1	1
03720011234	8	3
03720011235	6	5
03720011236	4	7
03720011237	2	9
03720011238	0	0
03720011239	9	2
03720011240	1	10
03720011241	-1	1
03720011242	8	3
03720011243	6	5
03720011244	4	7
03720011245	2	9
03720011246	0	0
03720011247	9	2
03720011248	7	4
03720011249	5	6
03720011250	8	3
03720011251	6	5
03720011252	4	7
03720011253	2	9
03720011254	0	0
03720011255	9	2
03720011256	7	4
03720011257	5	6
03720011258	3	8
03720011259	1	10
03720011260	4	7
03720011261	2	9
03720011262	0	0
03720011263	9	2
03720011264	7	4
03720011265	5	6
03720011266	3	8
03720011267	1	10
03720011268	-1	1
03720011269	8	3
03720011270	0	0
03720011271	9	2
03720011272	7	4
03720011273	5	6
03720011274	3	8
03720011275	1	10
03720011276	-1	1
03720011277	8	3
03720011278	6	5
03720011279	4	7
03720011280	7	4
03720011281	5	6
03720011282	3	8
03720011283	1	10
03720011284	-1	1
03720011285	8	3
03720011286	6	5
03720011287	4	7
03720011288	2	9
03720011289	0	0
03720011290	3	8
03720011291	1	10
03720011292	-1	1
03720011293	8	3
03720011294	6	5
03720011295	4	7
03720011296	2	9
03720011297	0	0
03720011298	9	2
03720011299	7	4
03720011300	9	2
03720011301	7	4
03720011302	5	6
03720011303	3	8
03720011304	1	10
03720011305	-1	1
03720011306	8	3
03720011307	6	5
03720011308	4	7
03720011309	2	9
03720011310	5	6
03720011311	3	8
03720011312	1	10
03720011313	-1	1
03720011314	8	3
03720011315	6	5
03720011316	4	7
03720011317	2	9
03720011318	0	0
03720011319	9	2
03720011320	1	10
03720011321	-1	1
03720011322	8	3
03720011323	6	5
03720011324	4	7
03720011325	2	9
03720011326	0	0
03720011327	9	2
03720011328	7	4
03720011329	5	6
03720011330	8	3
03720011331	6	5
03720011332	4	7
03720011333	2	9
03720011334	0	0
03720011335	9	2
03720011336	7	4
03720011337	5	6
03720011338	3	8
03720011339	1	10
03720011340	4	7
03720011341	2	9
03720011342	0	0
03720011343	9	2
03720011344	7	4
03720011345	5	6
03720011346	3	8
03720011347	1	10
03720011348	-1	1
03720011349	8	3
03720011350	0	0
03720011351	9	2
03720011352	7	4
03720011353	5	6
03720011354	3	8
03720011355	1	10
03720011356	-1	1
03720011357	8	3
03720011358	6	5
03720011359	4	7
03720011360	7	4
03720011361	5	6
03720011362	3	8
03720011363	1	10
03720011364	-1	1
03720011365	8	3
03720011366	6	5
03720011367	4	7
03720011368	2	9
03720011369	0	0
03720011370	3	8
03720011371	1	10
03720011372	-1	1
03720011373	8	3
03720011374	6	5
03720011375	4	7
03720011376	2	9
03720011377	0	0
03720011378	9	2
03720011379	7	4
03720011380	-1	1
03720011381	8	3
03720011382	6	5
03720011383	4	7
03720011384	2	9
03720011385	0	0
03720011386	9	2
03720011387	7	4
03720011388	5	6
03720011389	3	8
03720011390	6	5
03720011391	4	7
03720011392	2	9
03720011393	0	0
03720011394	9	2
03720011395	7	4
03720011396	5	6
03720011397	3	8
03720011398	1	10
03720011399	-1	1
03720011400	1	10
03720011401	-1	1
03720011402	8	3
03720011403	6	5
03720011404	4	7
03720011405	2	9
03720011406	0	0
03720011407	9	2
03720011408	7	4
03720011409	5	6
03720011410	8	3
03720011411	6	5
03720011412	4	7
03720011413	2	9
03720011414	0	0
03720011415	9	2
03720011416	7	4
03720011417	5	6
03720011418	3	8
03720011419	1	10
03720011420	4	7
03720011421	2	9
03720011422	0	0
03720011423	9	2
03720011424	7	4
03720011425	5	6
03720011426	3	8
03720011427	1	10
03720011428	-1	1
03720011429	8	3
03720011430	0	0
03720011431	9	2
03720011432	7	4
03720011433	5	6
03720011434	3	8
03720011435	1	10
03720011436	-1	1
03720011437	8	3
03720011438	6	5
03720011439	4	7
03720011440	7	4
03720011441	5	6
03720011442	3	8
03720011443	1	10
03720011444	-1	1
03720011445	8	3
03720011446	6	5
03720011447	4	7
03720011448	2	9
03720011449	0	0
03720011450	3	8
03720011451	1	10
03720011452	-1	1
03720011453	8	3
03720011454	6	5
03720011455	4	7
03720011456	2	9
03720011457	0	0
03720011458	9	2
03720011459	7	4
03720011460	-1	1
03720011461	8	3
03720011462	6	5
03720011463	4	7
03720011464	2	9
03720011465	0	0
03720011466	9	2
03720011467	7	4
03720011468	5	6
03720011469	3	8
03720011470	6	5
03720011471	4	7
03720011472	2	9
03720011473	0	0
03720011474	9	2
03720011475	7	4
03720011476	5	6
03720011477	3	8
03720011478	1	10
03720011479	-1	1
03720011480	2	9
03720011481	0	0
03720011482	9	2
03720011483	7	4
03720011484	5	6
03720011485	3	8
03720011486	1	10
03720011487	-1	1
03720011488	8	3
03720011489	6	5
03720011490	9	2
03720011491	7	4
03720011492	5	6
03720011493	3	8
03720011494	1	10
03720011495	-1	1
03720011496	8	3
03720011497	6	5
03720011498	4	7
03720011499	2	9
03720011500	4	7
03720011501	2	9
03720011502	0	0
03720011503	9	2
03720011504	7	4
03720011505	5	6
03720011506	3	8
03720011507	1	10
03720011508	-1	1
03720011509	8	3
03720011510	0	0
03720011511	9	2
03720011512	7	4
03720011513	5	6
03720011514	3	8
03720011515	1	10
03720011516	-1	1
03720011517	8	3
03720011518	6	5
03720011519	4	7
03720011520	7	4
03720011521	5	6
03720011522	3	8
03720011523	1	10
03720011524	-1	1
03720011525	8	3
03720011526	6	5
03720011527	4	7
03720011528	2	9
03720011529	0	0
03720011530	3	8
03720011531	1	10
03720011532	-1	1
03720011533	8	3
03720011534	6	5
03720011535	4	7
03720011536	2	9
03720011537	0	0
03720011538	9	2
03720011539	7	4
03720011540	-1	1
03720011541	8	3
03720011542	6	5
03720011543	4	7
03720011544	2	9
03720011545	0	0
03720011546	9	2
03720011547	7	4
03720011548	5	6
03720011549	3	8
03720011550	6	5
03720011551	4	7
03720011552	2	9
03720011553	0	0
03720011554	9	2
03720011555	7	4
03720011556	5	6
03720011557	3	8
03720011558	1	10
03720011559	-1	1
03720011560	2	9
03720011561	0	0
03720011562	9	2
03720011563	7	4
03720011564	5	6
03720011565	3	8
03720011566	1	10
03720011567	-1	1
03720011568	8	3
03720011569	6	5
03720011570	9	2
03720011571	7	4
03720011572	5	6
03720011573	3	8
03720011574	1	10
03720011575	-1	1
03720011576	8	3
03720011577	6	5
03720011578	4	7
03720011579	2	9
03720011580	5	6
03720011581	3	8
03720011582	1	10
03720011583	-1	1
03720011584	8	3
03720011585	6	5
03720011586	4	7
03720011587	2	9
03720011588	0	0
03720011589	9	2
03720011590	1	10
03720011591	-1	1
03720011592	8	3
03720011593	6	5
03720011594	4	7
03720011595	2	9
03720011596	0	0
03720011597	9	2
03720011598	7	4
03720011599	5	6
03720011600	7	4
03720011601	5	6
03720011602	3	8
03720011603	1	10
03720011604	-1	1
03720011605	8	3
03720011606	6	5
03720011607	4	7
03720011608	2	9
03720011609	0	0
03720011610	3	8
03720011611	1	10
03720011612	-1	1
03720011613	8	3
03720011614	6	5
03720011615	4	7
03720011616	2	9
03720011617	0	0
03720011618	9	2
03720011619	7	4
03720011620	-1	1
03720011621	8	3
03720011622	6	5
03720011623	4	7
03720011624	2	9
03720011625	0	0
03720011626	9	2
03720011627	7	4
03720011628	5	6
03720011629	3	8
03720011630	6	5
03720011631	4	7
03720011632	2	9
03720011633	0	0
03720011634	9	2
03720011635	7	4
03720011636	5	6
03720011637	3	8
03720011638	1	10
03720011639	-1	1
03720011640	2	9
03720011641	0	0
03720011642	9	2
03720011643	7	4
03720011644	5	6
03720011645	3	8
03720011646	1	10
03720011647	-1	1
03720011648	8	3
03720011649	6	5
03720011650	9	2
03720011651	7	4
03720011652	5	6
03720011653	3	8
03720011654	1	10
03720011655	-1	1
03720011656	8	3
03720011657	6	5
03720011658	4	7
03720011659	2	9
03720011660	5	6
03720011661	3	8
03720011662	1	10
03720011663	-1	1
03720011664	8	3
03720011665	6	5
03720011666	4	7
03720011667	2	9
03720011668	0	0
03720011669	9	2
03720011670	1	10
03720011671	-1	1
03720011672	8	3
03720011673	6	5
03720011674	4	7
03720011675	2	9
03720011676	0	0
03720011677	9	2
03720011678	7	4
03720011679	5	6
03720011680	8	3
03720011681	6	5
03720011682	4	7
03720011683	2	9
03720011684	0	0
03720011685	9	2
03720011686	7	4
03720011687	5	6
03720011688	3	8
03720011689	1	10
03720011690	4	7
03720011691	2	9
03720011692	0	0
03720011693	9	2
03720011694	7	4
03720011695	5	6
03720011696	3	8
03720011697	1	10
03720011698	-1	1
03720011699	8	3
03720011700	-1	1
03720011701	8	3
03720011702	6	5
03720011703	4	7
03720011704	2	9
03720011705	0	0
03720011706	9	2
03720011707	7	4
03720011708	5	6
03720011709	3	8
03720011710	6	5
03720011711	4	7
03720011712	2	9
03720011713	0	0
03720011714	9	2
03720011715	7	4
03720011716	5	6
03720011717	3	8
03720011718	1	10
03720011719	-1	1
03720011720	2	9
03720011721	0	0
03720011722	9	2
03720011723	7	4
03720011724	5	6
03720011725	3	8
03720011726	1	10
03720011727	-1	1
03720011728	8	3
03720011729	6	5
03720011730	9	2
03720011731	7	4
03720011732	5	6
03720011733	3	8
03720011734	1	10
03720011735	-1	1
03720011736	8	3
03720011737	6	5
03720011738	4	7
03720011739	2	9
03720011740	5	6
03720011741	3	8
03720011742	1	10
03720011743	-1	1
03720011744	8	3
03720011745	6	5
03720011746	4	7
03720011747	2	9
03720011748	0	0
03720011749	9	2
03720011750	1	10
03720011751	-1	1
03720011752	8	3
03720011753	6	5
03720011754	4	7
03720011755	2	9
03720011756	0	0
03720011757	9	2
03720011758	7	4
03720011759	5	6
03720011760	8	3
03720011761	6	5
03720011762	4	7
03720011763	2	9
03720011764	0	0
03720011765	9	2
03720011766	7	4
03720011767	5	6
03720011768	3	8
03720011769	1	10
03720011770	4	7
03720011771	2	9
03720011772	0	0
03720011773	9	2
03720011774	7	4
03720011775	5	6
03720011776	3	8
03720011777	1	10
03720011778	-1	1
03720011779	8	3
03720011780	0	0
03720011781	9	2
03720011782	7	4
03720011783	5	6
03720011784	3	8
03720011785	1	10
03720011786	-1	1
03720011787	8	3
03720011788	6	5
03720011789	4	7
03720011790	7	4
03720011791	5	6
03720011792	3	8
03720011793	1	10
03720011794	-1	1
03720011795	8	3
03720011796	6	5
03720011797	4	7
03720011798	2	9
03720011799	0	0
03720011800	2	9
03720011801	0	0
03720011802	9	2
03720011803	7	4
03720011804	5	6
03720011805	3	8
03720011806	1	10
03720011807	-1	1
03720011808	8	3
03720011809	6	5
03720011810	9	2
03720011811	7	4
03720011812	5	6
03720011813	3	8
03720011814	1	10
03720011815	-1	1
03720011816	8	3
03720011817	6	5
03720011818	4	7
03720011819	2	9
03720011820	5	6
03720011821	3	8
03720011822	1	10
03720011823	-1	1
03720011824	8	3
03720011825	6	5
03720011826	4	7
03720011827	2	9
03720011828	0	0
03720011829	9	2
03720011830	1	10
03720011831	-1	1
03720011832	8	3
03720011833	6	5
03720011834	4	7
03720011835	2	9
03720011836	0	0
03720011837	9	2
03720011838	7	4
03720011839	5	6
03720011840	8	3
03720011841	6	5
03720011842	4	7
03720011843	2	9
03720011844	0	0
03720011845	9	2
03720011846	7	4
03720011847	5	6
03720011848	3	8
03720011849	1	10
03720011850	4	7
03720011851	2	9
03720011852	0	0
03720011853	9	2
03720011854	7	4
03720011855	5	6
03720011856	3	8
03720011857	1	10
03720011858	-1	1
03720011859	8	3
03720011860	0	0
03720011861	9	2
03720011862	7	4
03720011863	5	6
03720011864	3	8
03720011865	1	10
03720011866	-1	1
03720011867	8	3
03720011868	6	5
03720011869	4	7
03720011870	7	4
03720011871	5	6
03720011872	3	8
03720011873	1	10
03720011874	-1	1
03720011875	8	3
03720011876	6	5
03720011877	4	7
03720011878	2	9
03720011879	0	0
03720011880	3	8
03720011881	1	10
03720011882	-1	1
03720011883	8	3
03720011884	6	5
03720011885	4	7
03720011886	2	9
03720011887	0	0
03720011888	9	2
03720011889	7	4
03720011890	-1	1
03720011891	8	3
03720011892	6	5
03720011893	4	7
03720011894	2	9
03720011895	0	0
03720011896	9	2
03720011897	7	4
03720011898	5	6
03720011899	3	8
03720011900	5	6
03720011901	3	8
03720011902	1	10
03720011903	-1	1
03720011904	8	3
03720011905	6	5
03720011906	4	7
03720011907	2	9
03720011908	0	0
03720011909	9	2
03720011910	1	10
03720011911	-1	1
03720011912	8	3
03720011913	6	5
03720011914	4	7
03720011915	2	9
03720011916	0	0
03720011917	9	2
03720011918	7	4
03720011919	5	6
03720011920	8	3
03720011921	6	5
03720011922	4	7
03720011923	2	9
03720011924	0	0
03720011925	9	2
03720011926	7	4
03720011927	5	6
03720011928	3	8
03720011929	1	10
03720011930	4	7
03720011931	2	9
03720011932	0	0
03720011933	9	2
03720011934	7	4
03720011935	5	6
03720011936	3	8
03720011937	1	10
03720011938	-1	1
03720011939	8	3
03720011940	0	0
03720011941	9	2
03720011942	7	4
03720011943	5	6
03720011944	3	8
03720011945	1	10
03720011946	-1	1
03720011947	8	3
03720011948	6	5
03720011949	4	7
03720011950	7	4
03720011951	5	6
03720011952	3	8
03720011953	1	10
03720011954	-1	1
03720011955	8	3
03720011956	6	5
03720011957	4	7
03720011958	2	9
03720011959	0	0
03720011960	3	8
03720011961	1	10
03720011962	-1	1
03720011963	8	3
03720011964	6	5
03720011965	4	7
03720011966	2	9
03720011967	0	0
03720011968	9	2
03720011969	7	4
03720011970	-1	1
03720011971	8	3
03720011972	6	5
03720011973	4	7
03720011974	2	9
03720011975	0	0
03720011976	9	2
03720011977	7	4
03720011978	5	6
03720011979	3	8
03720011980	6	5
03720011981	4	7
03720011982	2	9
03720011983	0	0
03720011984	9	2
03720011985	7	4
03720011986	5	6
03720011987	3	8
03720011988	1	10
03720011989	-1	1
03720011990	2	9
03720011991	0	0
03720011992	9	2
03720011993	7	4
03720011994	5	6
03720011995	3	8
03720011996	1	10
03720011997	-1	1
03720011998	8	3
03720011999	6	5
03720012000	6	5
03720012001	4	7
03720012002	2	9
03720012003	0	0
03720012004	9	2
03720012005	7	4
03720012006	5	6
03720012007	3	8
03720012008	1	10
03720012009	-1	1
03720012010	2	9
03720012011	0	0
03720012012	9	2
03720012013	7	4
03720012014	5	6
03720012015	3	8
03720012016	1	10
03720012017	-1	1
03720012018	8	3
03720012019	6	5
03720012020	9	2
03720012021	7	4
03720012022	5	6
03720012023	3	8
03720012024	1	10
03720012025	-1	1
03720012026	8	3
03720012027	6	5
03720012028	4	7
03720012029	2	9
03720012030	5	6
03720012031	3	8
03720012032	1	10
03720012033	-1	1
03720012034	8	3
03720012035	6	5
03720012036	4	7
03720012037	2	9
03720012038	0	0
03720012039	9	2
03720012040	1	10
03720012041	-1	1
03720012042	8	3
03720012043	6	5
03720012044	4	7
03720012045	2	9
03720012046	0	0
03720012047	9	2
03720012048	7	4
03720012049	5	6
03720012050	8	3
03720012051	6	5
03720012052	4	7
03720012053	2	9
03720012054	0	0
03720012055	9	2
03720012056	7	4
03720012057	5	6
03720012058	3	8
03720012059	1	10
03720012060	4	7
03720012061	2	9
03720012062	0	0
03720012063	9	2
03720012064	7	4
03720012065	5	6
03720012066	3	8
03720012067	1	10
03720012068	-1	1
03720012069	8	3
03720012070	0	0
03720012071	9	2
03720012072	7	4
03720012073	5	6
03720012074	3	8
03720012075	1	10
03720012076	-1	1
03720012077	8	3
03720012078	6	5
03720012079	4	7
03720012080	7	4
03720012081	5	6
03720012082	3	8
03720012083	1	10
03720012084	-1	1
03720012085	8	3
03720012086	6	5
03720012087	4	7
03720012088	2	9
03720012089	0	0
03720012090	3	8
03720012091	1	10
03720012092	-1	1
03720012093	8	3
03720012094	6	5
03720012095	4	7
03720012096	2	9
03720012097	0	0
03720012098	9	2
03720012099	7	4
03720012100	9	2
03720012101	7	4
03720012102	5	6
03720012103	3	8
03720012104	1	10
03720012105	-1	1
03720012106	8	3
03720012107	6	5
03720012108	4	7
03720012109	2	9
03720012110	5	6
03720012111	3	8
03720012112	1	10
03720012113	-1	1
03720012114	8	3
03720012115	6	5
03720012116	4	7
03720012117	2	9
03720012118	0	0
03720012119	9	2
03720012120	1	10
03720012121	-1	1
03720012122	8	3
03720012123	6	5
03720012124	4	7
03720012125	2	9
03720012126	0	0
03720012127	9	2
03720012128	7	4
03720012129	5	6
03720012130	8	3
03720012131	6	5
03720012132	4	7
03720012133	2	9
03720012134	0	0
03720012135	9	2
03720012136	7	4
03720012137	5	6
03720012138	3	8
03720012139	1	10
03720012140	4	7
03720012141	2	9
03720012142	0	0
03720012143	9	2
03720012144	7	4
03720012145	5	6
03720012146	3	8
03720012147	1	10
03720012148	-1	1
03720012149	8	3
03720012150	0	0
03720012151	9	2
03720012152	7	4
03720012153	5	6
03720012154	3	8
03720012155	1	10
03720012156	-1	1
03720012157	8	3
03720012158	6	5
03720012159	4	7
03720012160	7	4
03720012161	5	6
03720012162	3	8
03720012163	1	10
03720012164	-1	1
03720012165	8	3
03720012166	6	5
03720012167	4	7
03720012168	2	9
03720012169	0	0
03720012170	3	8
03720012171	1	10
03720012172	-1	1
03720012173	8	3
03720012174	6	5
03720012175	4	7
03720012176	2	9
03720012177	0	0
03720012178	9	2
03720012179	7	4
03720012180	-1	1
03720012181	8	3
03720012182	6	5
03720012183	4	7
03720012184	2	9
03720012185	0	0
03720012186	9	2
03720012187	7	4
03720012188	5	6
03720012189	3	8
03720012190	6	5
03720012191	4	7
03720012192	2	9
03720012193	0	0
03720012194	9	2
03720012195	7	4
03720012196	5	6
03720012197	3	8
03720012198	1	10
03720012199	-1	1
03720012200	1	10
03720012201	-1	1
03720012202	8	3
03720012203	6	5
03720012204	4	7
03720012205	2	9
03720012206	0	0
03720012207	9	2
03720012208	7	4
03720012209	5	6
03720012210	8	3
03720012211	6	5
03720012212	4	7
03720012213	2	9
03720012214	0	0
03720012215	9	2
03720012216	7	4
03720012217	5	6
03720012218	3	8
03720012219	1	10
03720012220	4	7
03720012221	2	9
03720012222	0	0
03720012223	9	2
03720012224	7	4
03720012225	5	6
03720012226	3	8
03720012227	1	10
03720012228	-1	1
03720012229	8	3
03720012230	0	0
03720012231	9	2
03720012232	7	4
03720012233	5	6
03720012234	3	8
03720012235	1	10
03720012236	-1	1
03720012237	8	3
03720012238	6	5
03720012239	4	7
03720012240	7	4
03720012241	5	6
03720012242	3	8
03720012243	1	10
03720012244	-1	1
03720012245	8	3
03720012246	6	5
03720012247	4	7
03720012248	2	9
03720012249	0	0
03720012250	3	8
03720012251	1	10
03720012252	-1	1
03720012253	8	3
03720012254	6	5
03720012255	4	7
03720012256	2	9
03720012257	0	0
03720012258	9	2
03720012259	7	4
03720012260	-1	1
03720012261	8	3
03720012262	6	5
03720012263	4	7
03720012264	2	9
03720012265	0	0
03720012266	9	2
03720012267	7	4
03720012268	5	6
03720012269	3	8
03720012270	6	5
03720012271	4	7
03720012272	2	9
03720012273	0	0
03720012274	9	2
03720012275	7	4
03720012276	5	6
03720012277	3	8
03720012278	1	10
03720012279	-1	1
03720012280	2	9
03720012281	0	0
03720012282	9	2
03720012283	7	4
03720012284	5	6
03720012285	3	8
03720012286	1	10
03720012287	-1	1
03720012288	8	3
03720012289	6	5
03720012290	9	2
03720012291	7	4
03720012292	5	6
03720012293	3	8
03720012294	1	10
03720012295	-1	1
03720012296	8	3
03720012297	6	5
03720012298	4	7
03720012299	2	9
03720012300	4	7
03720012301	2	9
03720012302	0	0
03720012303	9	2
03720012304	7	4
03720012305	5	6
03720012306	3	8
03720012307	1	10
03720012308	-1	1
03720012309	8	3
03720012310	0	0
03720012311	9	2
03720012312	7	4
03720012313	5	6
03720012314	3	8
03720012315	1	10
03720012316	-1	1
03720012317	8	3
03720012318	6	5
03720012319	4	7
03720012320	7	4
03720012321	5	6
03720012322	3	8
03720012323	1	10
03720012324	-1	1
03720012325	8	3
03720012326	6	5
03720012327	4	7
03720012328	2	9
03720012329	0	0
03720012330	3	8
03720012331	1	10
03720012332	-1	1
03720012333	8	3
03720012334	6	5
03720012335	4	7
03720012336	2	9
03720012337	0	0
03720012338	9	2
03720012339	7	4
03720012340	-1	1
03720012341	8	3
03720012342	6	5
03720012343	4	7
03720012344	2	9
03720012345	0	0
03720012346	9	2
03720012347	7	4
03720012348	5	6
03720012349	3	8
03720012350	6	5
03720012351	4	7
03720012352	2	9
03720012353	0	0
03720012354	9	2
03720012355	7	4
03720012356	5	6
03720012357	3	8
03720012358	1	10
03720012359	-1	1
03720012360	2	9
03720012361	0	0
03720012362	9	2
03720012363	7	4
03720012364	5	6
03720012365	3	8
03720012366	1	10
03720012367	-1	1
03720012368	8	3
03720012369	6	5
03720012370	9	2
03720012371	7	4
03720012372	5	6
03720012373	3	8
03720012374	1	10
03720012375	-1	1
03720012376	8	3
03720012377	6	5
03720012378	4	7
03720012379	2	9
03720012380	5	6
03720012381	3	8
03720012382	1	10
03720012383	-1	1
03720012384	8	3
03720012385	6	5
03720012386	4	7
03720012387	2	9
03720012388	0	0
03720012389	9	2
03720012390	1	10
03720012391	-1	1
03720012392	8	3
03720012393	6	5
03720012394	4	7
03720012395	2	9
03720012396	0	0
03720012397	9	2
03720012398	7	4
03720012399	5	6
03720012400	7	4
03720012401	5	6
03720012402	3	8
03720012403	1	10
03720012404	-1	1
03720012405	8	3
03720012406	6	5
03720012407	4	7
03720012408	2	9
03720012409	0	0
03720012410	3	8
03720012411	1	10
03720012412	-1	1
03720012413	8	3
03720012414	6	5
03720012415	4	7
03720012416	2	9
03720012417	0	0
03720012418	9	2
03720012419	7	4
03720012420	-1	1
03720012421	8	3
03720012422	6	5
03720012423	4	7
03720012424	2	9
03720012425	0	0
03720012426	9	2
03720012427	7	4
03720012428	5	6
03720012429	3	8
03720012430	6	5
03720012431	4	7
03720012432	2	9
03720012433	0	0
03720012434	9	2
03720012435	7	4
03720012436	5	6
03720012437	3	8
03720012438	1	10
03720012439	-1	1
03720012440	2	9
03720012441	0	0
03720012442	9	2
03720012443	7	4
03720012444	5	6
03720012445	3	8
03720012446	1	10
03720012447	-1	1
03720012448	8	3
03720012449	6	5
03720012450	9	2
03720012451	7	4
03720012452	5	6
03720012453	3	8
03720012454	1	10
03720012455	-1	1
03720012456	8	3
03720012457	6	5
03720012458	4	7
03720012459	2	9
03720012460	5	6
03720012461	3	8
03720012462	1	10
03720012463	-1	1
03720012464	8	3
03720012465	6	5
03720012466	4	7
03720012467	2	9
03720012468	0	0
03720012469	9	2
03720012470	1	10
03720012471	-1	1
03720012472	8	3
03720012473	6	5
03720012474	4	7
03720012475	2	9
03720012476	0	0
03720012477	9	2
03720012478	7	4
03720012479	5	6
03720012480	8	3
03720012481	6	5
03720012482	4	7
03720012483	2	9
03720012484	0	0
03720012485	9	2
03720012486	7	4
03720012487	5	6
03720012488	3	8
03720012489	1	10
03720012490	4	7
03720012491	2	9
03720012492	0	0
03720012493	9	2
03720012494	7	4
03720012495	5	6
03720012496	3	8
03720012497	1	10
03720012498	-1	1
03720012499	8	3
03720012500	-1	1
03720012501	8	3
03720012502	6	5
03720012503	4	7
03720012504	2	9
03720012505	0	0
03720012506	9	2
03720012507	7	4
03720012508	5	6
03720012509	3	8
03720012510	6	5
03720012511	4	7
03720012512	2	9
03720012513	0	0
03720012514	9	2
03720012515	7	4
03720012516	5	6
03720012517	3	8
03720012518	1	10
03720012519	-1	1
03720012520	2	9
03720012521	0	0
03720012522	9	2
03720012523	7	4
03720012524	5	6
03720012525	3	8
03720012526	1	10
03720012527	-1	1
03720012528	8	3
03720012529	6	5
03720012530	9	2
03720012531	7	4
03720012532	5	6
03720012533	3	8
03720012534	1	10
03720012535	-1	1
03720012536	8	3
03720012537	6	5
03720012538	4	7
03720012539	2	9
03720012540	5	6
03720012541	3	8
03720012542	1	10
03720012543	-1	1
03720012544	8	3
03720012545	6	5
03720012546	4	7
03720012547	2	9
03720012548	0	0
03720012549	9	2
03720012550	1	10
03720012551	-1	1
03720012552	8	3
03720012553	6	5
03720012554	4	7
03720012555	2	9
03720012556	0	0
03720012557	9	2
03720012558	7	4
03720012559	5	6
03720012560	8	3
03720012561	6	5
03720012562	4	7
03720012563	2	9
03720012564	0	0
03720012565	9	2
03720012566	7	4
03720012567	5	6
03720012568	3	8
03720012569	1	10
03720012570	4	7
03720012571	2	9
03720012572	0	0
03720012573	9	2
03720012574	7	4
03720012575	5	6
03720012576	3	8
03720012577	1	10
03720012578	-1	1
03720012579	8	3
03720012580	0	0
03720012581	9	2
03720012582	7	4
03720012583	5	6
03720012584	3	8
03720012585	1	10
03720012586	-1	1
03720012587	8	3
03720012588	6	5
03720012589	4	7
03720012590	7	4
03720012591	5	6
03720012592	3	8
03720012593	1	10
03720012594	-1	1
03720012595	8	3
03720012596	6	5
03720012597	4	7
03720012598	2	9
03720012599	0	0
03720012600	2	9
03720012601	0	0
03720012602	9	2
03720012603	7	4
03720012604	5	6
03720012605	3	8
03720012606	1	10
03720012607	-1	1
03720012608	8	3
03720012609	6	5
03720012610	9	2
03720012611	7	4
03720012612	5	6
03720012613	3	8
03720012614	1	10
03720012615	-1	1
03720012616	8	3
03720012617	6	5
03720012618	4	7
03720012619	2	9
03720012620	5	6
03720012621	3	8
03720012622	1	10
03720012623	-1	1
03720012624	8	3
03720012625	6	5
03720012626	4	7
03720012627	2	9
03720012628	0	0
03720012629	9	2
03720012630	1	10
03720012631	-1	1
03720012632	8	3
03720012633	6	5
03720012634	4	7
03720012635	2	9
03720012636	0	0
03720012637	9	2
03720012638	7	4
03720012639	5	6
03720012640	8	3
03720012641	6	5
03720012642	4	7
03720012643	2	9
03720012644	0	0
03720012645	9	2
03720012646	7	4
03720012647	5	6
03720012648	3	8
03720012649	1	10
03720012650	4	7
03720012651	2	9
03720012652	0	0
03720012653	9	2
03720012654	7	4
03720012655	5	6
03720012656	3	8
03720012657	1	10
03720012658	-1	1
03720012659	8	3
03720012660	0	0
03720012661	9	2
03720012662	7	4
03720012663	5	6
03720012664	3	8
03720012665	1	10
03720012666	-1	1
03720012667	8	3
03720012668	6	5
03720012669	4	7
03720012670	7	4
03720012671	5	6
03720012672	3	8
03720012673	1	10
03720012674	-1	1
03720012675	8	3
03720012676	6	5
03720012677	4	7
03720012678	2	9
03720012679	0	0
03720012680	3	8
03720012681	1	10
03720012682	-1	1
03720012683	8	3
03720012684	6	5
03720012685	4	7
03720012686	2	9
03720012687	0	0
03720012688	9	2
03720012689	7	4
03720012690	-1	1
03720012691	8	3
03720012692	6	5
03720012693	4	7
03720012694	2	9
03720012695	0	0
03720012696	9	2
03720012697	7	4
03720012698	5	6
03720012699	3	8
03720012700	5	6
03720012701	3	8
03720012702	1	10
03720012703	-1	1
03720012704	8	3
03720012705	6	5
03720012706	4	7
03720012707	2	9
03720012708	0	0
03720012709	9	2
03720012710	1	10
03720012711	-1	1
03720012712	8	3
03720012713	6	5
03720012714	4	7
03720012715	2	9
03720012716	0	0
03720012717	9	2
03720012718	7	4
03720012719	5	6
03720012720	8	3
03720012721	6	5
03720012722	4	7
03720012723	2	9
03720012724	0	0
03720012725	9	2
03720012726	7	4
03720012727	5	6
03720012728	3	8
03720012729	1	10
03720012730	4	7
03720012731	2	9
03720012732	0	0
03720012733	9	2
03720012734	7	4
03720012735	5	6
03720012736	3	8
03720012737	1	10
03720012738	-1	1
03720012739	8	3
03720012740	0	0
03720012741	9	2
03720012742	7	4
03720012743	5	6
03720012744	3	8
03720012745	1	10
03720012746	-1	1
03720012747	8	3
03720012748	6	5
03720012749	4	7
03720012750	7	4
03720012751	5	6
03720012752	3	8
03720012753	1	10
03720012754	-1	1
03720012755	8	3
03720012756	6	5
03720012757	4	7
03720012758	2	9
03720012759	0	0
03720012760	3	8
03720012761	1	10
03720012762	-1	1
03720012763	8	3
03720012764	6	5
03720012765	4	7
03720012766	2	9
03720012767	0	0
03720012768	9	2
03720012769	7	4
03720012770	-1	1
03720012771	8	3
03720012772	6	5
03720012773	4	7
03720012774	2	9
03720012775	0	0
03720012776	9	2
03720012777	7	4
03720012778	5	6
03720012779	3	8
03720012780	6	5
03720012781	4	7
03720012782	2	9
03720012783	0	0
03720012784	9	2
03720012785	7	4
03720012786	5	6
03720012787	3	8
03720012788	1	10
03720012789	-1	1
03720012790	2	9
03720012791	0	0
03720012792	9	2
03720012793	7	4
03720012794	5	6
03720012795	3	8
03720012796	1	10
03720012797	-1	1
03720012798	8	3
03720012799	6	5
03720012800	8	3
03720012801	6	5
03720012802	4	7
03720012803	2	9
03720012804	0	0
03720012805	9	2
03720012806	7	4
03720012807	5	6
03720012808	3	8
03720012809	1	10
03720012810	4	7
03720012811	2	9
03720012812	0	0
03720012813	9	2
03720012814	7	4
03720012815	5	6
03720012816	3	8
03720012817	1	10
03720012818	-1	1
03720012819	8	3
03720012820	0	0
03720012821	9	2
03720012822	7	4
03720012823	5	6
03720012824	3	8
03720012825	1	10
03720012826	-1	1
03720012827	8	3
03720012828	6	5
03720012829	4	7
03720012830	7	4
03720012831	5	6
03720012832	3	8
03720012833	1	10
03720012834	-1	1
03720012835	8	3
03720012836	6	5
03720012837	4	7
03720012838	2	9
03720012839	0	0
03720012840	3	8
03720012841	1	10
03720012842	-1	1
03720012843	8	3
03720012844	6	5
03720012845	4	7
03720012846	2	9
03720012847	0	0
03720012848	9	2
03720012849	7	4
03720012850	-1	1
03720012851	8	3
03720012852	6	5
03720012853	4	7
03720012854	2	9
03720012855	0	0
03720012856	9	2
03720012857	7	4
03720012858	5	6
03720012859	3	8
03720012860	6	5
03720012861	4	7
03720012862	2	9
03720012863	0	0
03720012864	9	2
03720012865	7	4
03720012866	5	6
03720012867	3	8
03720012868	1	10
03720012869	-1	1
03720012870	2	9
03720012871	0	0
03720012872	9	2
03720012873	7	4
03720012874	5	6
03720012875	3	8
03720012876	1	10
03720012877	-1	1
03720012878	8	3
03720012879	6	5
03720012880	9	2
03720012881	7	4
03720012882	5	6
03720012883	3	8
03720012884	1	10
03720012885	-1	1
03720012886	8	3
03720012887	6	5
03720012888	4	7
03720012889	2	9
03720012890	5	6
03720012891	3	8
03720012892	1	10
03720012893	-1	1
03720012894	8	3
03720012895	6	5
03720012896	4	7
03720012897	2	9
03720012898	0	0
03720012899	9	2
03720012900	0	0
03720012901	9	2
03720012902	7	4
03720012903	5	6
03720012904	3	8
03720012905	1	10
03720012906	-1	1
03720012907	8	3
03720012908	6	5
03720012909	4	7
03720012910	7	4
03720012911	5	6
03720012912	3	8
03720012913	1	10
03720012914	-1	1
03720012915	8	3
03720012916	6	5
03720012917	4	7
03720012918	2	9
03720012919	0	0
03720012920	3	8
03720012921	1	10
03720012922	-1	1
03720012923	8	3
03720012924	6	5
03720012925	4	7
03720012926	2	9
03720012927	0	0
03720012928	9	2
03720012929	7	4
03720012930	-1	1
03720012931	8	3
03720012932	6	5
03720012933	4	7
03720012934	2	9
03720012935	0	0
03720012936	9	2
03720012937	7	4
03720012938	5	6
03720012939	3	8
03720012940	6	5
03720012941	4	7
03720012942	2	9
03720012943	0	0
03720012944	9	2
03720012945	7	4
03720012946	5	6
03720012947	3	8
03720012948	1	10
03720012949	-1	1
03720012950	2	9
03720012951	0	0
03720012952	9	2
03720012953	7	4
03720012954	5	6
03720012955	3	8
03720012956	1	10
03720012957	-1	1
03720012958	8	3
03720012959	6	5
03720012960	9	2
03720012961	7	4
03720012962	5	6
03720012963	3	8
03720012964	1	10
03720012965	-1	1
03720012966	8	3
03720012967	6	5
03720012968	4	7
03720012969	2	9
03720012970	5	6
03720012971	3	8
03720012972	1	10
03720012973	-1	1
03720012974	8	3
03720012975	6	5
03720012976	4	7
03720012977	2	9
03720012978	0	0
03720012979	9	2
03720012980	1	10
03720012981	-1	1
03720012982	8	3
03720012983	6	5
03720012984	4	7
03720012985	2	9
03720012986	0	0
03720012987	9	2
03720012988	7	4
03720012989	5	6
03720012990	8	3
03720012991	6	5
03720012992	4	7
03720012993	2	9
03720012994	0	0
03720012995	9	2
03720012996	7	4
03720012997	5	6
03720012998	3	8
03720012999	1	10
